0 0.50625 0.2598958333333333 0.08750000000000001 0.11770833333333333
0 0.416015625 0.2921875 0.09296875 0.134375
0 0.5953125 0.21302083333333333 0.0390625 0.042708333333333334
0 0.6453125000000001 0.18541666666666667 0.0421875 0.06041666666666667
0 0.687109375 0.18958333333333333 0.04296875 0.058333333333333334
0 0.743359375 0.06458333333333333 0.08984375 0.1125
0 0.923828125 0.050520833333333334 0.04296875 0.057291666666666664
0 0.78125 0.21458333333333332 0.040625 0.06458333333333333
0 0.732421875 0.23958333333333334 0.04296875 0.05625
0 0.5632812500000001 0.6692708333333334 0.084375 0.11562499999999999
0 0.6472656250000001 0.8161458333333333 0.08203125 0.11979166666666667
0 0.57578125 0.8203125 0.0671875 0.11979166666666667
0 0.46992187500000004 0.7510416666666666 0.10078125 0.12291666666666666
0 0.3296875 0.659375 0.1046875 0.125
0 0.267578125 0.8697916666666666 0.07578125000000001 0.125
0 0.195703125 0.8869791666666667 0.09140625000000001 0.140625
0 0.3953125 0.9125 0.09843750000000001 0.11875
0 0.880078125 0.7942708333333334 0.08984375 0.11354166666666667
0 0.925 0.6921875 0.06406250000000001 0.096875
0 0.762890625 0.7244791666666667 0.07734375 0.103125
0 0.749609375 0.8135416666666666 0.047656250000000004 0.05416666666666667
0 0.18710937500000002 0.4588541666666667 0.06484375 0.09270833333333334
0 0.10507812500000001 0.771875 0.08359375000000001 0.08541666666666667
0 0.5769531250000001 0.09479166666666666 0.07578125000000001 0.10833333333333334
0 0.745703125 0.31197916666666664 0.049218750000000006 0.06145833333333333
0 0.9296875 0.2911458333333333 0.045312500000000006 0.06979166666666667
