0 0.42421875000000003 0.10208333333333333 0.09062500000000001 0.11875
0 0.5007812500000001 0.08385416666666666 0.09375 0.12604166666666666
0 0.594140625 0.08020833333333333 0.07890625000000001 0.12083333333333333
0 0.49531250000000004 0.16770833333333332 0.08281250000000001 0.09791666666666667
0 0.685546875 0.09270833333333334 0.07578125000000001 0.1125
0 0.748046875 0.052083333333333336 0.09921875000000001 0.10208333333333333
0 0.7972656250000001 0.153125 0.09296875 0.125
0 0.950390625 0.25625 0.04296875 0.0625
0 0.9140625 0.240625 0.035937500000000004 0.05
0 0.90390625 0.28541666666666665 0.0390625 0.041666666666666664
0 0.821875 0.25416666666666665 0.040625 0.052083333333333336
0 0.50546875 0.6713541666666667 0.07968750000000001 0.10520833333333333
0 0.698828125 0.8078124999999999 0.05234375 0.07395833333333333
0 0.440234375 0.5921875 0.08984375 0.10104166666666667
0 0.3921875 0.38125 0.08281250000000001 0.1
0 0.23671875 0.58125 0.08281250000000001 0.11666666666666667
0 0.524609375 0.8145833333333333 0.04609375 0.052083333333333336
0 0.47578125000000004 0.8645833333333334 0.046875 0.06666666666666667
0 0.9070312500000001 0.6041666666666666 0.0390625 0.052083333333333336
0 0.966796875 0.2171875 0.03828125 0.053125
