0 0.20820312500000002 0.709375 0.08984375 0.1125
0 0.40273437500000003 0.7447916666666666 0.09140625000000001 0.1
0 0.5144531250000001 0.5359375 0.08203125 0.11145833333333333
0 0.5808593750000001 0.7760416666666666 0.09140625000000001 0.11875
0 0.46875 0.7921875 0.06875 0.109375
0 0.8296875 0.6895833333333333 0.08281250000000001 0.10416666666666667
0 0.91015625 0.671875 0.0703125 0.11666666666666667
0 0.766796875 0.6598958333333333 0.057031250000000006 0.08854166666666667
0 0.792578125 0.3052083333333333 0.05234375 0.07083333333333333
0 0.5828125000000001 0.19947916666666665 0.0484375 0.053125
0 0.42578125 0.2640625 0.0390625 0.057291666666666664
0 0.51484375 0.041666666666666664 0.109375 0.08125
0 0.34804687500000003 0.049479166666666664 0.10390625 0.096875
0 0.964453125 0.08229166666666667 0.06953125 0.11041666666666666
