0 0.189453125 0.7432291666666666 0.10390625 0.12395833333333334
0 0.30000000000000004 0.753125 0.1234375 0.14583333333333334
0 0.591796875 0.7723958333333333 0.10546875 0.146875
0 0.684765625 0.8213541666666666 0.08515625 0.13020833333333334
0 0.8875000000000001 0.6244791666666667 0.07968750000000001 0.12395833333333334
0 0.9597656250000001 0.7328125 0.06953125 0.11979166666666667
0 0.6550781250000001 0.9046875 0.03671875 0.046875
0 0.546484375 0.9625 0.047656250000000004 0.06041666666666667
0 0.4921875 0.9677083333333333 0.05 0.052083333333333336
0 0.8347656250000001 0.12552083333333333 0.10546875 0.15520833333333334
0 0.74375 0.08177083333333333 0.0859375 0.12604166666666666
0 0.55 0.07239583333333333 0.1046875 0.11562499999999999
0 0.1546875 0.35260416666666666 0.11406250000000001 0.16979166666666667
0 0.049609375000000004 0.33958333333333335 0.09765625 0.16041666666666665
0 0.1609375 0.05625 0.096875 0.11041666666666666
0 0.24765625000000002 0.24114583333333334 0.0390625 0.051041666666666666
0 0.25078125 0.2947916666666667 0.0390625 0.04583333333333333
0 0.718359375 0.23854166666666665 0.047656250000000004 0.06458333333333333
0 0.977734375 0.3328125 0.032031250000000004 0.04895833333333333
