0 0.47734375 0.17291666666666666 0.0921875 0.125
0 0.43046875 0.2296875 0.084375 0.11979166666666667
0 0.46601562500000004 0.35 0.09140625000000001 0.10416666666666667
0 0.5265625 0.2947916666666667 0.09375 0.11875
0 0.697265625 0.27760416666666665 0.05390625 0.05520833333333333
0 0.6882812500000001 0.22916666666666666 0.045312500000000006 0.052083333333333336
0 0.7203125 0.20572916666666666 0.043750000000000004 0.057291666666666664
0 0.68359375 0.16354166666666667 0.043750000000000004 0.058333333333333334
0 0.716796875 0.1421875 0.04453125 0.04895833333333333
0 0.688671875 0.08177083333333333 0.039843750000000004 0.046875
0 0.8093750000000001 0.18958333333333333 0.0484375 0.058333333333333334
0 0.761328125 0.45989583333333334 0.07109375 0.08854166666666667
0 0.8191406250000001 0.553125 0.09453125000000001 0.12916666666666665
0 0.8914062500000001 0.5427083333333333 0.0703125 0.1
0 0.8699218750000001 0.6598958333333333 0.08203125 0.09270833333333334
0 0.7894531250000001 0.6729166666666666 0.06171875 0.08333333333333333
0 0.736328125 0.6057291666666667 0.07421875 0.11354166666666667
0 0.681640625 0.609375 0.06953125 0.09583333333333333
0 0.5703125 0.6109375 0.045312500000000006 0.04895833333333333
0 0.50390625 0.8083333333333333 0.040625 0.05625
0 0.465625 0.8984375 0.084375 0.109375
0 0.6941406250000001 0.8838541666666666 0.06484375 0.071875
0 0.346484375 0.8026041666666667 0.09296875 0.11770833333333333
0 0.34375 0.9380208333333333 0.040625 0.057291666666666664
0 0.346484375 0.534375 0.06953125 0.09166666666666666
0 0.223046875 0.5338541666666666 0.07734375 0.109375
0 0.123046875 0.5776041666666667 0.06953125 0.09270833333333334
0 0.973828125 0.9380208333333333 0.049218750000000006 0.090625
0 0.30078125 0.21927083333333333 0.040625 0.042708333333333334
0 0.26328125 0.2203125 0.045312500000000006 0.057291666666666664
