0 0.223046875 0.38385416666666666 0.10703125000000001 0.11979166666666667
0 0.375 0.1109375 0.09062500000000001 0.12395833333333334
0 0.5 0.5484375 0.096875 0.11770833333333333
0 0.41328125000000004 0.5817708333333333 0.1015625 0.13020833333333334
0 0.642578125 0.55 0.09921875000000001 0.13125
0 0.7761718750000001 0.4578125 0.07109375 0.103125
0 0.77890625 0.21145833333333333 0.040625 0.04791666666666666
0 0.80390625 0.052083333333333336 0.0859375 0.10208333333333333
0 0.692578125 0.22395833333333334 0.04609375 0.058333333333333334
0 0.6980468750000001 0.15625 0.039843750000000004 0.04583333333333333
0 0.923828125 0.7270833333333333 0.08046875 0.10833333333333334
0 0.84921875 0.76875 0.0765625 0.10833333333333334
0 0.53671875 0.8557291666666667 0.0671875 0.08020833333333333
0 0.5484375 0.9411458333333333 0.08125 0.084375
0 0.36835937500000004 0.9286458333333333 0.08046875 0.096875
0 0.540625 0.6682291666666667 0.08281250000000001 0.12604166666666666
0 0.628125 0.6588541666666666 0.07500000000000001 0.11562499999999999
0 0.144921875 0.8270833333333333 0.07890625000000001 0.10416666666666667
0 0.51796875 0.1640625 0.0390625 0.053125
