0 0.30195312500000004 0.37135416666666665 0.09296875 0.11562499999999999
0 0.22773437500000002 0.36822916666666666 0.07890625000000001 0.12395833333333334
0 0.06406250000000001 0.47760416666666666 0.09062500000000001 0.109375
0 0.04296875 0.6208333333333333 0.084375 0.12291666666666666
0 0.47265625 0.058333333333333334 0.1203125 0.11458333333333333
0 0.8765625 0.6552083333333333 0.084375 0.10416666666666667
0 0.7566406250000001 0.8697916666666666 0.10859375 0.15416666666666667
0 0.8296875 0.5791666666666666 0.0859375 0.1
0 0.898046875 0.5015625 0.09921875000000001 0.128125
0 0.847265625 0.19010416666666666 0.08671875000000001 0.109375
0 0.41835937500000003 0.7203125 0.10546875 0.121875
