0 0.369921875 0.17395833333333333 0.08203125 0.11875
0 0.31328125 0.21875 0.08125 0.11458333333333333
0 0.62421875 0.041666666666666664 0.09375 0.08125
0 0.46953125 0.08072916666666667 0.09375 0.12604166666666666
0 0.20468750000000002 0.0859375 0.0765625 0.08854166666666667
0 0.094921875 0.09166666666666666 0.041406250000000006 0.04583333333333333
0 0.962890625 0.5630208333333333 0.07421875 0.11354166666666667
0 0.970703125 0.3765625 0.041406250000000006 0.06354166666666666
0 0.619140625 0.6734375 0.08046875 0.08020833333333333
0 0.551953125 0.6640625 0.06953125 0.08854166666666667
0 0.47773437500000004 0.740625 0.07421875 0.10416666666666667
0 0.36562500000000003 0.665625 0.07500000000000001 0.09375
0 0.310546875 0.8005208333333333 0.07265625 0.10729166666666666
0 0.26640625 0.7822916666666666 0.05625 0.09375
0 0.11406250000000001 0.6729166666666666 0.0921875 0.10625
0 0.173828125 0.7239583333333334 0.07109375 0.08125
0 0.640625 0.9432291666666667 0.045312500000000006 0.051041666666666666
0 0.515234375 0.3026041666666667 0.04453125 0.04895833333333333
0 0.39453125 0.4041666666666667 0.043750000000000004 0.041666666666666664
0 0.32148437500000004 0.46822916666666664 0.05390625 0.06770833333333333
0 0.30781250000000004 0.9489583333333333 0.046875 0.058333333333333334
