0 0.25234375000000003 0.5385416666666667 0.078125 0.1
0 0.115625 0.5567708333333333 0.07187500000000001 0.08229166666666667
0 0.18320312500000002 0.8151041666666666 0.08359375000000001 0.096875
0 0.10039062500000001 0.6885416666666666 0.07109375 0.08125
0 0.36757812500000003 0.2671875 0.04296875 0.057291666666666664
0 0.41054687500000003 0.3375 0.032031250000000004 0.04375
0 0.722265625 0.47812499999999997 0.06640625 0.11458333333333333
0 0.667578125 0.42864583333333334 0.06328125 0.10104166666666667
0 0.39960937500000004 0.24479166666666666 0.04296875 0.05416666666666667
0 0.29531250000000003 0.553125 0.0484375 0.0625
