0 0.12421875 0.071875 0.1125 0.14166666666666666
0 0.17929687500000002 0.14739583333333334 0.06796875000000001 0.11979166666666667
0 0.155078125 0.23906249999999998 0.03671875 0.06145833333333333
0 0.12617187500000002 0.21822916666666667 0.030468750000000003 0.04895833333333333
0 0.076171875 0.28020833333333334 0.041406250000000006 0.05
0 0.37031250000000004 0.10989583333333333 0.07500000000000001 0.12604166666666666
0 0.5046875000000001 0.11666666666666667 0.12187500000000001 0.16666666666666666
0 0.5875 0.0734375 0.10312500000000001 0.14479166666666665
0 0.657421875 0.05677083333333333 0.07890625000000001 0.11145833333333333
0 0.84921875 0.2817708333333333 0.046875 0.071875
0 0.6277343750000001 0.24687499999999998 0.041406250000000006 0.04791666666666666
0 0.500390625 0.2859375 0.05234375 0.053125
0 0.3515625 0.22604166666666667 0.029687500000000002 0.03958333333333333
0 0.464453125 0.5833333333333334 0.10859375 0.13958333333333334
0 0.6234375000000001 0.7177083333333333 0.115625 0.13541666666666666
0 0.7289062500000001 0.7145833333333333 0.0921875 0.13958333333333334
0 0.837109375 0.5828125 0.10078125 0.13854166666666667
0 0.566796875 0.8375 0.09921875000000001 0.15833333333333333
0 0.48867187500000003 0.7645833333333333 0.08046875 0.12708333333333333
0 0.38320312500000003 0.6635416666666667 0.10078125 0.13958333333333334
0 0.31796875 0.75625 0.1 0.13125
0 0.203125 0.6848958333333334 0.078125 0.121875
0 0.20039062500000002 0.5484375 0.08984375 0.11562499999999999
0 0.121484375 0.5661458333333333 0.07109375 0.11354166666666667
0 0.07890625000000001 0.7479166666666667 0.0734375 0.11666666666666667
0 0.7625000000000001 0.9583333333333334 0.08750000000000001 0.06666666666666667
0 0.43281250000000004 0.9588541666666667 0.046875 0.051041666666666666
0 0.38828125 0.9723958333333333 0.0234375 0.026041666666666668
0 0.28984375 0.3151041666666667 0.046875 0.04895833333333333
0 0.268359375 0.2515625 0.041406250000000006 0.06145833333333333
0 0.037109375 0.36875 0.03515625 0.04791666666666666
