0 0.15742187500000002 0.1578125 0.041406250000000006 0.03854166666666667
0 0.1859375 0.14635416666666667 0.034375 0.036458333333333336
0 0.22890625 0.19010416666666666 0.043750000000000004 0.06770833333333333
0 0.272265625 0.19947916666666665 0.04453125 0.06145833333333333
0 0.272265625 0.30885416666666665 0.06015625 0.07604166666666666
0 0.2234375 0.603125 0.0625 0.07708333333333334
0 0.37109375 0.534375 0.03125 0.0875
0 0.42304687500000004 0.6927083333333334 0.047656250000000004 0.04375
0 0.4234375 0.6421875 0.03125 0.051041666666666666
0 0.527734375 0.71875 0.06171875 0.07083333333333333
0 0.6156250000000001 0.8875 0.0625 0.09583333333333333
0 0.85859375 0.5421875 0.0734375 0.096875
0 0.88984375 0.434375 0.08125 0.10833333333333334
0 0.9714843750000001 0.33697916666666666 0.057031250000000006 0.11354166666666667
0 0.9714843750000001 0.5229166666666667 0.057031250000000006 0.08958333333333333
0 0.948828125 0.703125 0.06328125 0.08541666666666667
0 0.913671875 0.8375 0.07109375 0.08333333333333333
0 0.30546875 0.9442708333333333 0.0765625 0.096875
0 0.42617187500000003 0.044270833333333336 0.07421875 0.08645833333333333
0 0.58515625 0.09427083333333333 0.043750000000000004 0.059375
0 0.579296875 0.14375 0.03828125 0.04583333333333333
0 0.593359375 0.39427083333333335 0.05390625 0.057291666666666664
0 0.559765625 0.46770833333333334 0.08515625 0.10208333333333333
