0 0.32148437500000004 0.05572916666666666 0.10390625 0.109375
0 0.20664062500000002 0.334375 0.12265625000000001 0.17083333333333334
0 0.32929687500000004 0.3598958333333333 0.11953125 0.18020833333333333
0 0.08085937500000001 0.5791666666666666 0.09765625 0.13541666666666666
0 0.08476562500000001 0.7104166666666667 0.09921875000000001 0.12291666666666666
0 0.343359375 0.7619791666666667 0.11015625000000001 0.13854166666666667
0 0.46718750000000003 0.7645833333333333 0.125 0.15625
0 0.7605468750000001 0.7776041666666667 0.09453125000000001 0.13854166666666667
0 0.8425781250000001 0.8166666666666667 0.07421875 0.12083333333333333
0 0.728125 0.9104166666666667 0.045312500000000006 0.0625
0 0.89609375 0.08541666666666667 0.08281250000000001 0.10625
0 0.966015625 0.12291666666666666 0.05859375 0.12083333333333333
0 0.6941406250000001 0.0765625 0.09765625 0.109375
0 0.530859375 0.27239583333333334 0.057031250000000006 0.06770833333333333
0 0.472265625 0.3885416666666667 0.02421875 0.0375
0 0.046484375 0.24635416666666665 0.030468750000000003 0.051041666666666666
0 0.017968750000000002 0.23958333333333334 0.03125 0.04791666666666666
0 0.36757812500000003 0.14739583333333334 0.022656250000000003 0.036458333333333336
0 0.036328125 0.09375 0.02890625 0.05
0 0.014843750000000001 0.17135416666666667 0.026562500000000003 0.06145833333333333
