0 0.219140625 0.24947916666666667 0.039843750000000004 0.059375
0 0.37343750000000003 0.128125 0.06875 0.08541666666666667
0 0.45429687500000004 0.39947916666666666 0.07421875 0.09479166666666666
0 0.39687500000000003 0.5072916666666667 0.08281250000000001 0.10416666666666667
0 0.609375 0.60625 0.07968750000000001 0.1125
0 0.531640625 0.5848958333333333 0.06796875000000001 0.096875
0 0.8128906250000001 0.6083333333333333 0.07734375 0.08958333333333333
0 0.753515625 0.8020833333333334 0.05390625 0.06875
0 0.81640625 0.4145833333333333 0.065625 0.0875
0 0.78125 0.20364583333333333 0.040625 0.053125
0 0.08984375 0.6317708333333333 0.065625 0.06354166666666666
0 0.205078125 0.6932291666666667 0.03671875 0.040625
0 0.39101562500000003 0.8005208333333333 0.06484375 0.071875
0 0.24140625000000002 0.17552083333333332 0.065625 0.09270833333333334
