0 0.45937500000000003 0.5307291666666667 0.09375 0.11562499999999999
0 0.544140625 0.48541666666666666 0.08828125 0.12291666666666666
0 0.625 0.6083333333333333 0.0765625 0.1
0 0.912109375 0.2421875 0.09765625 0.13020833333333334
0 0.830078125 0.065625 0.09296875 0.11458333333333333
0 0.7765625 0.075 0.06875 0.11458333333333333
0 0.67734375 0.3984375 0.07500000000000001 0.11770833333333333
0 0.283203125 0.5796875 0.08671875000000001 0.10520833333333333
0 0.19140625 0.596875 0.07500000000000001 0.09375
0 0.2671875 0.7005208333333334 0.078125 0.09895833333333333
0 0.308203125 0.7494791666666667 0.06328125 0.103125
0 0.228515625 0.7458333333333333 0.08671875000000001 0.1
0 0.37578125 0.9473958333333333 0.07968750000000001 0.07604166666666666
0 0.41328125000000004 0.9234375 0.06875 0.10729166666666666
0 0.30507812500000003 0.9114583333333334 0.07734375 0.10208333333333333
0 0.6609375000000001 0.7802083333333333 0.053125000000000006 0.06458333333333333
0 0.5398437500000001 0.5682291666666667 0.0421875 0.059375
0 0.4578125 0.653125 0.026562500000000003 0.03958333333333333
0 0.43828125 0.5953125 0.0421875 0.04479166666666667
0 0.433203125 0.41302083333333334 0.03515625 0.04479166666666667
0 0.350390625 0.409375 0.03671875 0.05
0 0.6234375000000001 0.23124999999999998 0.0234375 0.029166666666666667
0 0.7210937500000001 0.07135416666666666 0.021875000000000002 0.026041666666666668
0 0.6796875 0.016666666666666666 0.0234375 0.027083333333333334
0 0.614453125 0.09479166666666666 0.025781250000000002 0.029166666666666667
0 0.657421875 0.11927083333333333 0.022656250000000003 0.030208333333333334
0 0.32890625 0.03333333333333333 0.035937500000000004 0.04791666666666666
0 0.300390625 0.06770833333333333 0.02890625 0.04375
0 0.224609375 0.18802083333333333 0.03515625 0.03854166666666667
0 0.327734375 0.14583333333333334 0.03671875 0.04583333333333333
0 0.7742187500000001 0.3494791666666667 0.07500000000000001 0.11562499999999999
0 0.722265625 0.6572916666666666 0.06953125 0.1
