0 0.22812500000000002 0.346875 0.078125 0.10833333333333334
0 0.2859375 0.28020833333333334 0.084375 0.11666666666666667
0 0.19296875000000002 0.15 0.08125 0.10625
0 0.32539062500000004 0.49895833333333334 0.08828125 0.12083333333333333
0 0.508203125 0.4661458333333333 0.09296875 0.11770833333333333
0 0.65390625 0.5072916666666667 0.078125 0.09791666666666667
0 0.73828125 0.5151041666666667 0.06875 0.10104166666666667
0 0.583984375 0.5447916666666667 0.06953125 0.1
0 0.42812500000000003 0.6416666666666666 0.07500000000000001 0.08125
0 0.39921875 0.5682291666666667 0.0890625 0.096875
0 0.4140625 0.121875 0.05 0.058333333333333334
0 0.37812500000000004 0.15677083333333333 0.0484375 0.06145833333333333
0 0.5171875 0.03802083333333333 0.034375 0.05520833333333333
0 0.6156250000000001 0.10833333333333334 0.0421875 0.052083333333333336
0 0.676953125 0.965625 0.06953125 0.06875
0 0.8699218750000001 0.9489583333333333 0.07578125000000001 0.08333333333333333
0 0.9 0.5875 0.08281250000000001 0.10833333333333334
0 0.7410156250000001 0.0765625 0.022656250000000003 0.026041666666666668
0 0.7972656250000001 0.015625 0.022656250000000003 0.029166666666666667
0 0.7640625000000001 0.05625 0.0234375 0.029166666666666667
