0 0.273046875 0.221875 0.09921875000000001 0.12916666666666665
0 0.38359375 0.17604166666666665 0.09531250000000001 0.10416666666666667
0 0.5703125 0.041666666666666664 0.115625 0.08125
0 0.6019531250000001 0.2578125 0.09453125000000001 0.15104166666666666
0 0.5164062500000001 0.2760416666666667 0.1015625 0.14375
0 0.40937500000000004 0.3489583333333333 0.0921875 0.10416666666666667
0 0.7406250000000001 0.4875 0.08281250000000001 0.1125
0 0.6625000000000001 0.5192708333333333 0.09062500000000001 0.13229166666666667
0 0.649609375 0.6401041666666667 0.09921875000000001 0.128125
0 0.7074218750000001 0.9458333333333333 0.11328125 0.09166666666666666
0 0.3125 0.8947916666666667 0.07968750000000001 0.08125
0 0.49062500000000003 0.5661458333333333 0.09062500000000001 0.11354166666666667
0 0.5703125 0.6088541666666667 0.07968750000000001 0.14270833333333333
0 0.43085937500000004 0.5916666666666667 0.05390625 0.0875
0 0.362109375 0.6338541666666666 0.09453125000000001 0.09270833333333334
0 0.294921875 0.5729166666666666 0.06796875000000001 0.08958333333333333
