0 0.0390625 0.24270833333333333 0.03125 0.04791666666666666
0 0.028515625000000003 0.09270833333333334 0.039843750000000004 0.052083333333333336
0 0.017968750000000002 0.3494791666666667 0.034375 0.05520833333333333
0 0.065625 0.5859375 0.096875 0.14270833333333333
0 0.06992187500000001 0.7208333333333333 0.08984375 0.1375
0 0.063671875 0.9708333333333333 0.06328125 0.05416666666666667
0 0.31875000000000003 0.7520833333333333 0.1125 0.13125
0 0.4421875 0.7609375 0.13125 0.159375
0 0.737890625 0.7791666666666667 0.10234375000000001 0.15
0 0.8207031250000001 0.8156249999999999 0.08671875000000001 0.1375
0 0.8753906250000001 0.09479166666666666 0.08515625 0.125
0 0.9546875 0.140625 0.084375 0.16041666666666665
0 0.6761718750000001 0.07239583333333333 0.10703125000000001 0.11770833333333333
0 0.7562500000000001 0.06614583333333333 0.07500000000000001 0.11770833333333333
0 0.516796875 0.2661458333333333 0.055468750000000004 0.065625
0 0.48867187500000003 0.3067708333333333 0.05859375 0.053125
0 0.29335937500000003 0.2453125 0.04296875 0.04895833333333333
0 0.296484375 0.057291666666666664 0.10546875 0.1125
0 0.1796875 0.33958333333333335 0.1234375 0.17083333333333334
0 0.302734375 0.36354166666666665 0.11796875000000001 0.1875
0 0.15781250000000002 0.4536458333333333 0.0890625 0.08854166666666667
0 0.612890625 0.9692708333333333 0.049218750000000006 0.04895833333333333
