0 0.032421875 0.06979166666666667 0.06328125 0.11041666666666666
0 0.037500000000000006 0.6822916666666666 0.0734375 0.09583333333333333
0 0.35195312500000003 0.5875 0.09453125000000001 0.11666666666666667
0 0.5140625 0.3875 0.084375 0.10416666666666667
0 0.540234375 0.10729166666666666 0.09921875000000001 0.10833333333333334
0 0.6265625 0.08854166666666667 0.1 0.13333333333333333
0 0.607421875 0.17135416666666667 0.07109375 0.090625
0 0.70703125 0.08541666666666667 0.08125 0.12708333333333333
0 0.8 0.10364583333333333 0.084375 0.11354166666666667
0 0.8546875 0.0609375 0.08125 0.11770833333333333
0 0.907421875 0.1703125 0.09140625000000001 0.128125
0 0.984375 0.2630208333333333 0.029687500000000002 0.059375
0 0.903515625 0.271875 0.04453125 0.06458333333333333
0 0.6195312500000001 0.6770833333333334 0.0765625 0.1125
0 0.5535156250000001 0.596875 0.09609375 0.10416666666666667
0 0.501953125 0.5380208333333333 0.03671875 0.04895833333333333
0 0.7527343750000001 0.8109375 0.055468750000000004 0.06770833333333333
0 0.5847656250000001 0.8203125 0.04453125 0.06354166666666666
0 0.530859375 0.8703124999999999 0.047656250000000004 0.07395833333333333
0 0.30234375 0.9510416666666667 0.035937500000000004 0.04583333333333333
0 0.212890625 0.3234375 0.04453125 0.057291666666666664
0 0.251171875 0.32760416666666664 0.04296875 0.059375
0 0.589453125 0.9515625 0.022656250000000003 0.026041666666666668
0 0.581640625 0.7265625 0.017968750000000002 0.021875
0 0.507421875 0.7723958333333333 0.02890625 0.040625
