0 0.421875 0.2640625 0.096875 0.13020833333333334
0 0.162109375 0.4083333333333333 0.08203125 0.1125
0 0.09453125000000001 0.4640625 0.0421875 0.06770833333333333
0 0.328125 0.5994791666666667 0.0734375 0.12395833333333334
0 0.644140625 0.06666666666666667 0.03828125 0.052083333333333336
0 0.32265625000000003 0.053125 0.0421875 0.05625
0 0.683203125 0.6583333333333333 0.08203125 0.11875
0 0.429296875 0.5317708333333333 0.047656250000000004 0.053125
0 0.70703125 0.8864583333333333 0.0671875 0.08541666666666667
0 0.780859375 0.19322916666666667 0.039843750000000004 0.053125
0 0.841796875 0.5994791666666667 0.01640625 0.030208333333333334
