0 0.306640625 0.94375 0.07421875 0.08958333333333333
0 0.618359375 0.8875 0.06796875000000001 0.07916666666666666
0 0.420703125 0.6947916666666667 0.04296875 0.052083333333333336
0 0.595703125 0.4041666666666667 0.049218750000000006 0.05416666666666667
0 0.36562500000000003 0.5338541666666666 0.035937500000000004 0.09270833333333334
0 0.22968750000000002 0.18958333333333333 0.046875 0.06041666666666667
0 0.158984375 0.16145833333333334 0.04453125 0.04583333333333333
0 0.43984375000000003 0.0421875 0.0734375 0.08229166666666667
0 0.276171875 0.303125 0.049218750000000006 0.052083333333333336
0 0.887890625 0.4322916666666667 0.08671875000000001 0.1125
0 0.584375 0.08958333333333333 0.040625 0.04791666666666666
