0 0.2234375 0.3932291666666667 0.10625000000000001 0.13645833333333332
0 0.37539062500000003 0.11197916666666667 0.08671875000000001 0.13020833333333334
0 0.40859375000000003 0.5770833333333333 0.09843750000000001 0.125
0 0.501171875 0.5536458333333333 0.09453125000000001 0.11979166666666667
0 0.7722656250000001 0.46510416666666665 0.09296875 0.109375
0 0.5417968750000001 0.6692708333333334 0.08046875 0.103125
0 0.6195312500000001 0.6536458333333334 0.0859375 0.09895833333333333
0 0.640625 0.5458333333333333 0.084375 0.11666666666666667
0 0.851171875 0.7588541666666666 0.08515625 0.11145833333333333
0 0.5457031250000001 0.9463541666666666 0.07578125000000001 0.090625
0 0.37265625 0.9286458333333333 0.0859375 0.09479166666666666
0 0.14375000000000002 0.8270833333333333 0.0734375 0.10833333333333334
0 0.5535156250000001 0.06354166666666666 0.08828125 0.12083333333333333
0 0.8 0.050520833333333334 0.1046875 0.09895833333333333
0 0.693359375 0.2265625 0.047656250000000004 0.06770833333333333
0 0.77890625 0.2171875 0.046875 0.059375
0 0.72421875 0.20364583333333333 0.0390625 0.046875
0 0.6980468750000001 0.1625 0.041406250000000006 0.05416666666666667
