0 0.125 0.3651041666666667 0.09375 0.11979166666666667
0 0.257421875 0.24114583333333334 0.10234375000000001 0.134375
0 0.358203125 0.153125 0.10234375000000001 0.1375
0 0.409765625 0.28072916666666664 0.11640625 0.140625
0 0.7351562500000001 0.046875 0.09062500000000001 0.09166666666666666
0 0.8210937500000001 0.04010416666666666 0.096875 0.07604166666666666
0 0.351171875 0.6520833333333333 0.11015625000000001 0.13333333333333333
0 0.16796875 0.5552083333333333 0.09843750000000001 0.12708333333333333
0 0.263671875 0.8880208333333334 0.07421875 0.09270833333333334
0 0.32070312500000003 0.9520833333333333 0.08984375 0.09375
0 0.891796875 0.603125 0.09921875000000001 0.1375
