0 0.342578125 0.5036458333333333 0.09921875000000001 0.11145833333333333
0 0.480078125 0.48072916666666665 0.09609375 0.12604166666666666
0 0.7937500000000001 0.6802083333333333 0.10625000000000001 0.13541666666666666
0 0.571875 0.7463541666666667 0.11093750000000001 0.134375
0 0.584375 0.8526041666666666 0.1 0.090625
0 0.54296875 0.30572916666666666 0.10312500000000001 0.121875
0 0.741796875 0.6932291666666667 0.06796875000000001 0.134375
0 0.15859375 0.29375 0.045312500000000006 0.05416666666666667
0 0.19296875000000002 0.2703125 0.05 0.059375
0 0.21796875000000002 0.14583333333333334 0.0421875 0.04375
0 0.07773437500000001 0.5703125 0.06328125 0.057291666666666664
0 0.205078125 0.7744791666666666 0.025781250000000002 0.026041666666666668
0 0.30781250000000004 0.6567708333333333 0.0203125 0.021875
0 0.23789062500000002 0.5526041666666667 0.022656250000000003 0.036458333333333336
0 0.19492187500000002 0.3619791666666667 0.03828125 0.04895833333333333
0 0.286328125 0.459375 0.06328125 0.1125
