0 0.030859375 0.3963541666666667 0.06015625 0.08854166666666667
0 0.19140625 0.0390625 0.08125 0.07604166666666666
0 0.211328125 0.4432291666666667 0.08046875 0.11354166666666667
0 0.240625 0.5229166666666667 0.07968750000000001 0.10833333333333334
0 0.328125 0.43333333333333335 0.08281250000000001 0.12083333333333333
0 0.486328125 0.45677083333333335 0.08515625 0.11354166666666667
0 0.6785156250000001 0.8536458333333333 0.08046875 0.096875
0 0.535546875 0.9369791666666667 0.07734375 0.08854166666666667
0 0.5609375 0.64375 0.06875 0.10416666666666667
0 0.7328125000000001 0.3442708333333333 0.053125000000000006 0.07604166666666666
0 0.5484375 0.47239583333333335 0.0765625 0.121875
0 0.174609375 0.9713541666666666 0.06640625 0.057291666666666664
0 0.7429687500000001 0.10729166666666666 0.08125 0.10625
0 0.90390625 0.22343749999999998 0.07187500000000001 0.07604166666666666
0 0.9546875 0.5020833333333333 0.08281250000000001 0.10416666666666667
0 0.7914062500000001 0.4479166666666667 0.021875000000000002 0.03333333333333333
0 0.880859375 0.5734375 0.030468750000000003 0.03854166666666667
0 0.9125000000000001 0.6010416666666667 0.034375 0.041666666666666664
