0 0.35195312500000003 0.47031249999999997 0.09453125000000001 0.109375
0 0.428515625 0.4036458333333333 0.08828125 0.10104166666666667
0 0.43828125 0.2973958333333333 0.09531250000000001 0.11770833333333333
0 0.6687500000000001 0.6713541666666667 0.09531250000000001 0.13854166666666667
0 0.618359375 0.6859375 0.057031250000000006 0.11770833333333333
0 0.46015625000000004 0.7395833333333334 0.10625000000000001 0.13333333333333333
0 0.484375 0.8401041666666667 0.08281250000000001 0.096875
0 0.9636718750000001 0.071875 0.07265625 0.11875
0 0.49921875000000004 0.09895833333333333 0.0234375 0.03333333333333333
0 0.455859375 0.16979166666666667 0.02109375 0.027083333333333334
0 0.548046875 0.065625 0.03828125 0.04375
0 0.6664062500000001 0.275 0.021875000000000002 0.03333333333333333
0 0.22773437500000002 0.49895833333333334 0.08828125 0.10416666666666667
0 0.16875 0.14635416666666667 0.043750000000000004 0.04895833333333333
0 0.10625000000000001 0.29375 0.045312500000000006 0.052083333333333336
0 0.141015625 0.2682291666666667 0.04296875 0.057291666666666664
