0 0.051953125 0.5203125 0.06796875000000001 0.08645833333333333
0 0.14921875 0.5317708333333333 0.0703125 0.08854166666666667
0 0.261328125 0.6119791666666666 0.08515625 0.109375
0 0.35546875 0.6661458333333333 0.051562500000000004 0.06770833333333333
0 0.33320312500000004 0.6098958333333333 0.06171875 0.08229166666666667
0 0.171875 0.9708333333333333 0.06406250000000001 0.058333333333333334
0 0.330859375 0.9718749999999999 0.06796875000000001 0.05625
0 0.491796875 0.9729166666666667 0.041406250000000006 0.05
0 0.55 0.7536458333333333 0.0703125 0.08020833333333333
0 0.5671875000000001 0.565625 0.0765625 0.11041666666666666
0 0.6703125000000001 0.6229166666666667 0.07500000000000001 0.10416666666666667
0 0.8230468750000001 0.5385416666666667 0.06640625 0.1
0 0.890625 0.5395833333333333 0.07500000000000001 0.10416666666666667
0 0.91171875 0.6682291666666667 0.0578125 0.10104166666666667
0 0.972265625 0.18645833333333334 0.055468750000000004 0.10208333333333333
0 0.968359375 0.6208333333333333 0.06328125 0.09166666666666666
0 0.2921875 0.4276041666666667 0.0703125 0.06770833333333333
0 0.13671875 0.140625 0.040625 0.05416666666666667
0 0.26484375 0.036458333333333336 0.0421875 0.052083333333333336
0 0.287890625 0.1203125 0.039843750000000004 0.05520833333333333
0 0.23046875 0.103125 0.0421875 0.04583333333333333
0 0.323046875 0.11510416666666666 0.039843750000000004 0.057291666666666664
0 0.413671875 0.096875 0.039843750000000004 0.04791666666666666
0 0.357421875 0.13854166666666667 0.03828125 0.04791666666666666
