0 0.18281250000000002 0.675 0.0859375 0.1125
0 0.28046875 0.6494791666666666 0.084375 0.11354166666666667
0 0.5085937500000001 0.6942708333333333 0.1 0.12604166666666666
0 0.698828125 0.5328125 0.09140625000000001 0.12395833333333334
0 0.895703125 0.40520833333333334 0.08671875000000001 0.12083333333333333
0 0.8949218750000001 0.5484375 0.08984375 0.140625
0 0.650390625 0.7057291666666666 0.08828125 0.121875
0 0.570703125 0.7401041666666667 0.07109375 0.121875
0 0.421484375 0.7161458333333334 0.07265625 0.10520833333333333
0 0.5015625 0.2661458333333333 0.0484375 0.06354166666666666
0 0.343359375 0.04114583333333333 0.08984375 0.08020833333333333
0 0.255078125 0.0453125 0.08515625 0.08229166666666667
0 0.283203125 0.17395833333333333 0.047656250000000004 0.05625
0 0.23593750000000002 0.18385416666666665 0.040625 0.057291666666666664
0 0.4609375 0.29635416666666664 0.0234375 0.03229166666666666
0 0.39765625000000004 0.3359375 0.018750000000000003 0.028125
0 0.6335937500000001 0.20416666666666666 0.0203125 0.025
0 0.6546875000000001 0.22135416666666666 0.021875000000000002 0.028125
0 0.614453125 0.21510416666666665 0.01953125 0.02395833333333333
0 0.7273437500000001 0.2682291666666667 0.021875000000000002 0.02395833333333333
0 0.7390625000000001 0.284375 0.0140625 0.020833333333333332
0 0.8167968750000001 0.2604166666666667 0.02421875 0.025
