0 0.10898437500000001 0.4375 0.08046875 0.10416666666666667
0 0.13671875 0.5145833333333333 0.078125 0.1
0 0.20078125000000002 0.425 0.0734375 0.10625
0 0.29609375 0.4786458333333333 0.0390625 0.103125
0 0.361328125 0.45 0.08203125 0.10833333333333334
0 0.425390625 0.4692708333333333 0.07890625000000001 0.11562499999999999
0 0.673046875 0.3411458333333333 0.047656250000000004 0.08020833333333333
0 0.71640625 0.334375 0.0765625 0.07083333333333333
0 0.79609375 0.23177083333333334 0.084375 0.11562499999999999
0 0.6253906250000001 0.10104166666666667 0.07265625 0.1
0 0.098828125 0.0390625 0.06953125 0.07604166666666666
0 0.562890625 0.8494791666666667 0.08046875 0.10729166666666666
0 0.4609375 0.6385416666666667 0.06875 0.10416666666666667
0 0.416015625 0.9291666666666667 0.07578125000000001 0.0875
0 0.087109375 0.9609375 0.06953125 0.07604166666666666
0 0.9375 0.4453125 0.078125 0.109375
0 0.8421875000000001 0.5098958333333333 0.0734375 0.096875
0 0.62890625 0.55625 0.021875000000000002 0.03125
0 0.68125 0.4317708333333333 0.0171875 0.028125
