0 0.24531250000000002 0.3546875 0.09375 0.11979166666666667
0 0.460546875 0.48333333333333334 0.08203125 0.11458333333333333
0 0.38359375 0.6838541666666667 0.078125 0.09479166666666666
0 0.190234375 0.653125 0.08984375 0.125
0 0.6472656250000001 0.6348958333333333 0.08203125 0.10729166666666666
0 0.593359375 0.4953125 0.07421875 0.11770833333333333
0 0.8375 0.7791666666666667 0.06406250000000001 0.08125
0 0.7839843750000001 0.8609375 0.06953125 0.084375
0 0.8816406250000001 0.6458333333333334 0.07578125000000001 0.09166666666666666
0 0.2859375 0.9604166666666667 0.07968750000000001 0.07708333333333334
0 0.435546875 0.1015625 0.07109375 0.096875
0 0.12070312500000001 0.058333333333333334 0.08671875000000001 0.11458333333333333
0 0.661328125 0.74375 0.08203125 0.09166666666666666
0 0.300390625 0.146875 0.02890625 0.05
0 0.389453125 0.23333333333333334 0.02109375 0.029166666666666667
0 0.471484375 0.21822916666666667 0.01640625 0.021875
0 0.39921875 0.26979166666666665 0.0234375 0.029166666666666667
0 0.53828125 0.2671875 0.018750000000000003 0.02395833333333333
0 0.68125 0.4661458333333333 0.07187500000000001 0.07604166666666666
