0 0.151171875 0.053125 0.10859375 0.10208333333333333
0 0.48828125 0.042708333333333334 0.0921875 0.08333333333333333
0 0.6136718750000001 0.05416666666666667 0.10703125000000001 0.10416666666666667
0 0.40390625 0.20729166666666665 0.035937500000000004 0.052083333333333336
0 0.334765625 0.2375 0.049218750000000006 0.05625
0 0.626953125 0.3333333333333333 0.05078125 0.07083333333333333
0 0.386328125 0.709375 0.10234375000000001 0.125
0 0.486328125 0.7713541666666667 0.09921875000000001 0.121875
0 0.866796875 0.6651041666666666 0.08671875000000001 0.12604166666666666
0 0.9457031250000001 0.58125 0.08984375 0.13333333333333333
0 0.55703125 0.8796875 0.096875 0.10729166666666666
0 0.48164062500000004 0.928125 0.08046875 0.10416666666666667
0 0.23398437500000002 0.7239583333333334 0.11171875 0.11666666666666667
0 0.1390625 0.7536458333333333 0.09062500000000001 0.11354166666666667
0 0.24726562500000002 0.9098958333333333 0.055468750000000004 0.059375
