0 0.33906250000000004 0.49947916666666664 0.08281250000000001 0.12395833333333334
0 0.47968750000000004 0.48385416666666664 0.10625000000000001 0.11145833333333333
0 0.54453125 0.3072916666666667 0.0921875 0.12291666666666666
0 0.794140625 0.6744791666666666 0.09296875 0.13229166666666667
0 0.7371093750000001 0.7072916666666667 0.06171875 0.11875
0 0.572265625 0.7458333333333333 0.10546875 0.13125
0 0.583203125 0.8536458333333333 0.08046875 0.096875
0 0.15351562500000002 0.29322916666666665 0.039843750000000004 0.06354166666666666
0 0.185546875 0.2703125 0.04296875 0.059375
0 0.217578125 0.14895833333333333 0.04453125 0.04791666666666666
