0 0.278515625 0.4473958333333333 0.09765625 0.11145833333333333
0 0.580078125 0.7088541666666667 0.09453125000000001 0.11770833333333333
0 0.6453125000000001 0.6213541666666667 0.09375 0.11770833333333333
0 0.515234375 0.5916666666666667 0.08359375000000001 0.1
0 0.43867187500000004 0.7203125 0.06953125 0.096875
0 0.362109375 0.7276041666666666 0.09140625000000001 0.109375
0 0.23164062500000002 0.7307291666666667 0.07578125000000001 0.103125
0 0.039843750000000004 0.47031249999999997 0.078125 0.09479166666666666
0 0.551171875 0.2713541666666667 0.04609375 0.06770833333333333
0 0.350390625 0.17395833333333333 0.02734375 0.04583333333333333
0 0.326953125 0.09947916666666666 0.03671875 0.042708333333333334
0 0.937109375 0.5526041666666667 0.09296875 0.15729166666666666
0 0.937109375 0.3609375 0.09296875 0.121875
0 0.6683593750000001 0.7078125 0.06953125 0.090625
0 0.162109375 0.7723958333333333 0.06484375 0.09270833333333334
