0 0.374609375 0.4458333333333333 0.08515625 0.11041666666666666
0 0.31367187500000004 0.5416666666666666 0.08515625 0.1125
0 0.21835937500000002 0.5494791666666666 0.07734375 0.09895833333333333
0 0.186328125 0.3416666666666667 0.06796875000000001 0.10208333333333333
0 0.20039062500000002 0.2817708333333333 0.06015625 0.046875
0 0.71640625 0.21302083333333333 0.09062500000000001 0.13229166666666667
0 0.7890625 0.19739583333333333 0.0890625 0.121875
0 0.891796875 0.08958333333333333 0.08359375000000001 0.11458333333333333
0 0.779296875 0.5041666666666667 0.08359375000000001 0.10416666666666667
0 0.8539062500000001 0.6729166666666666 0.0734375 0.09583333333333333
0 0.7609375 0.71875 0.0734375 0.11041666666666666
0 0.655859375 0.9015624999999999 0.08515625 0.10729166666666666
0 0.26484375 0.7348958333333333 0.0921875 0.12604166666666666
0 0.31328125 0.6520833333333333 0.0859375 0.10208333333333333
0 0.0921875 0.5947916666666666 0.06875 0.08958333333333333
0 0.16523437500000002 0.078125 0.03671875 0.0375
