0 0.398046875 0.2911458333333333 0.08984375 0.11562499999999999
0 0.34140625 0.3453125 0.0859375 0.09895833333333333
0 0.516015625 0.60625 0.04609375 0.052083333333333336
0 0.6312500000000001 0.5973958333333333 0.07187500000000001 0.109375
0 0.5710937500000001 0.6020833333333333 0.0578125 0.10416666666666667
0 0.7113281250000001 0.5479166666666666 0.08671875000000001 0.125
0 0.787109375 0.5338541666666666 0.08515625 0.09270833333333334
0 0.8562500000000001 0.5708333333333333 0.0765625 0.09583333333333333
0 0.907421875 0.5791666666666666 0.06328125 0.075
0 0.8921875 0.9447916666666667 0.06875 0.08541666666666667
0 0.609375 0.8901041666666667 0.05 0.05520833333333333
0 0.358984375 0.890625 0.07421875 0.1125
0 0.232421875 0.7921875 0.08515625 0.11354166666666667
0 0.232421875 0.5255208333333333 0.06328125 0.090625
0 0.13007812500000002 0.5307291666666667 0.07265625 0.09270833333333334
0 0.351171875 0.1703125 0.08671875000000001 0.128125
0 0.30859375 0.22916666666666666 0.0859375 0.12083333333333333
0 0.523828125 0.1921875 0.041406250000000006 0.051041666666666666
0 0.6351562500000001 0.22395833333333334 0.043750000000000004 0.05416666666666667
0 0.641796875 0.2677083333333333 0.047656250000000004 0.05
0 0.761328125 0.18229166666666666 0.04296875 0.06041666666666667
0 0.667578125 0.14010416666666667 0.041406250000000006 0.057291666666666664
0 0.6722656250000001 0.1984375 0.04609375 0.046875
0 0.6328125 0.15677083333333333 0.035937500000000004 0.06145833333333333
0 0.6468750000000001 0.07552083333333333 0.040625 0.04479166666666667
0 0.579296875 0.11197916666666667 0.04609375 0.053125
0 0.7625000000000001 0.65625 0.08281250000000001 0.08958333333333333
0 0.68125 0.6671875 0.065625 0.08645833333333333
