0 0.25625000000000003 0.17916666666666667 0.0421875 0.05
0 0.29453125 0.20364583333333333 0.0421875 0.04479166666666667
0 0.44570312500000003 0.15052083333333333 0.09296875 0.12395833333333334
0 0.47578125000000004 0.030208333333333334 0.10312500000000001 0.058333333333333334
0 0.48945312500000004 0.20625 0.08984375 0.11666666666666667
0 0.565625 0.12083333333333333 0.07500000000000001 0.11041666666666666
0 0.8132812500000001 0.3307291666666667 0.0390625 0.051041666666666666
0 0.9437500000000001 0.434375 0.08750000000000001 0.1125
0 0.88203125 0.2453125 0.043750000000000004 0.06770833333333333
0 0.93671875 0.20677083333333332 0.040625 0.042708333333333334
0 0.6109375 0.47812499999999997 0.0734375 0.09375
0 0.41953125 0.5802083333333333 0.09531250000000001 0.11458333333333333
0 0.335546875 0.43906249999999997 0.05859375 0.06770833333333333
0 0.12890625 0.5963541666666666 0.0734375 0.11145833333333333
0 0.103515625 0.5114583333333333 0.08359375000000001 0.10833333333333334
0 0.07187500000000001 0.8098958333333334 0.0859375 0.109375
0 0.140625 0.9479166666666666 0.0921875 0.08541666666666667
0 0.3671875 0.8958333333333334 0.08750000000000001 0.10625
0 0.472265625 0.7682291666666666 0.08515625 0.109375
0 0.5886718750000001 0.6927083333333334 0.08359375000000001 0.11458333333333333
0 0.6410156250000001 0.7807291666666667 0.08359375000000001 0.103125
0 0.8078125 0.6895833333333333 0.0890625 0.11041666666666666
0 0.927734375 0.7494791666666667 0.07890625000000001 0.11770833333333333
0 0.50390625 0.34270833333333334 0.018750000000000003 0.025
0 0.4265625 0.3921875 0.0234375 0.03229166666666666
0 0.451171875 0.2760416666666667 0.01640625 0.022916666666666665
