0 0.18984375 0.10260416666666666 0.0390625 0.04479166666666667
0 0.2234375 0.033854166666666664 0.0421875 0.04479166666666667
0 0.194140625 0.0484375 0.032031250000000004 0.03854166666666667
0 0.24335937500000002 0.11458333333333333 0.03828125 0.052083333333333336
0 0.27773437500000003 0.11562499999999999 0.03671875 0.052083333333333336
0 0.31484375000000003 0.140625 0.0328125 0.03125
0 0.36757812500000003 0.0953125 0.032031250000000004 0.04479166666666667
0 0.24765625000000002 0.31666666666666665 0.029687500000000002 0.04791666666666666
0 0.876171875 0.17083333333333334 0.07578125000000001 0.10833333333333334
0 0.876953125 0.34739583333333335 0.07890625000000001 0.096875
0 0.0546875 0.5166666666666666 0.0671875 0.07291666666666667
0 0.14296875 0.34010416666666665 0.045312500000000006 0.084375
0 0.15234375 0.6036458333333333 0.08750000000000001 0.109375
0 0.18476562500000002 0.7739583333333333 0.03515625 0.05416666666666667
0 0.1453125 0.7489583333333333 0.040625 0.05625
0 0.472265625 0.5598958333333334 0.06328125 0.096875
0 0.56484375 0.6151041666666667 0.0765625 0.109375
0 0.7230468750000001 0.5333333333333333 0.07109375 0.10416666666666667
0 0.79453125 0.5380208333333333 0.078125 0.109375
0 0.878125 0.6130208333333333 0.0765625 0.09895833333333333
0 0.8191406250000001 0.6677083333333333 0.06640625 0.08541666666666667
0 0.45 0.75 0.0625 0.0875
0 0.23554687500000002 0.9645833333333333 0.06640625 0.07083333333333333
0 0.18671875000000002 0.4166666666666667 0.060937500000000006 0.0625
0 0.08945312500000001 0.9614583333333333 0.057031250000000006 0.06875
