0 0.107421875 0.21822916666666667 0.049218750000000006 0.06145833333333333
0 0.06171875 0.22708333333333333 0.0484375 0.06666666666666667
0 0.315234375 0.3020833333333333 0.03828125 0.058333333333333334
0 0.27890625 0.5875 0.08750000000000001 0.12291666666666666
0 0.22382812500000002 0.7447916666666666 0.09765625 0.11666666666666667
0 0.09140625000000001 0.7348958333333333 0.09062500000000001 0.12395833333333334
0 0.156640625 0.7817708333333333 0.07109375 0.11354166666666667
0 0.47109375000000003 0.5979166666666667 0.096875 0.13125
0 0.48984375 0.4536458333333333 0.1015625 0.12395833333333334
0 0.6687500000000001 0.32760416666666664 0.0765625 0.13020833333333334
0 0.75 0.3385416666666667 0.0859375 0.13125
0 0.9402343750000001 0.05572916666666666 0.10390625 0.109375
0 0.90546875 0.6791666666666667 0.09375 0.14166666666666666
0 0.478125 0.027083333333333334 0.08125 0.052083333333333336
0 0.03515625 0.3229166666666667 0.0484375 0.058333333333333334
