0 0.1546875 0.16041666666666665 0.043750000000000004 0.04583333333333333
0 0.22812500000000002 0.1875 0.043750000000000004 0.06041666666666667
0 0.280859375 0.30104166666666665 0.03515625 0.04375
0 0.223046875 0.6104166666666666 0.06015625 0.08958333333333333
0 0.34804687500000003 0.5302083333333333 0.07421875 0.08541666666666667
0 0.30585937500000004 0.9442708333333333 0.07734375 0.09270833333333334
0 0.6160156250000001 0.8859374999999999 0.06484375 0.08229166666666667
0 0.9148437500000001 0.8380208333333333 0.06406250000000001 0.08854166666666667
0 0.9476562500000001 0.7046875 0.065625 0.08645833333333333
0 0.861328125 0.5390625 0.07421875 0.08854166666666667
0 0.974609375 0.5223958333333333 0.05078125 0.090625
0 0.892578125 0.4328125 0.07890625000000001 0.10729166666666666
0 0.9714843750000001 0.3333333333333333 0.05234375 0.10625
0 0.5535156250000001 0.4640625 0.09140625000000001 0.09270833333333334
0 0.595703125 0.3953125 0.049218750000000006 0.05520833333333333
0 0.5847656250000001 0.09375 0.041406250000000006 0.058333333333333334
0 0.58125 0.14479166666666665 0.037500000000000006 0.04583333333333333
0 0.42109375000000004 0.6927083333333334 0.043750000000000004 0.04583333333333333
0 0.42304687500000004 0.6447916666666667 0.047656250000000004 0.04791666666666666
0 0.26953125 0.19583333333333333 0.045312500000000006 0.04375
0 0.4234375 0.0421875 0.0859375 0.08229166666666667
0 0.11093750000000001 0.5515625 0.028125 0.03229166666666666
