0 0.05390625 0.2125 0.09531250000000001 0.13333333333333333
0 0.46015625000000004 0.09114583333333333 0.0765625 0.11354166666666667
0 0.51796875 0.1046875 0.06875 0.06979166666666667
0 0.7292968750000001 0.06614583333333333 0.08046875 0.10729166666666666
0 0.8578125000000001 0.19270833333333334 0.08750000000000001 0.11666666666666667
0 0.570703125 0.7041666666666666 0.10859375 0.13958333333333334
0 0.46484375 0.6734375 0.0765625 0.11562499999999999
0 0.09062500000000001 0.6994791666666667 0.0765625 0.121875
0 0.479296875 0.9598958333333333 0.07578125000000001 0.07395833333333333
0 0.560546875 0.9625 0.07265625 0.05416666666666667
