0 0.040234375 0.06145833333333333 0.07734375 0.11458333333333333
0 0.349609375 0.0390625 0.09296875 0.07604166666666666
0 0.46484375 0.05260416666666667 0.10625000000000001 0.103125
0 0.35625 0.19947916666666665 0.043750000000000004 0.053125
0 0.284765625 0.2328125 0.05078125 0.057291666666666664
0 0.22226562500000002 0.19010416666666666 0.04296875 0.04895833333333333
0 0.051171875000000006 0.2760416666666667 0.04453125 0.0625
0 0.030468750000000003 0.7322916666666667 0.059375000000000004 0.1
0 0.1125 0.7125 0.0859375 0.13541666666666666
0 0.19765625 0.7348958333333333 0.078125 0.109375
0 0.242578125 0.6994791666666667 0.08828125 0.11145833333333333
0 0.340625 0.7604166666666666 0.0890625 0.1125
0 0.4609375 0.7515625 0.0859375 0.109375
0 0.673828125 0.7130208333333333 0.08359375000000001 0.13854166666666667
0 0.744140625 0.6666666666666666 0.09609375 0.12708333333333333
0 0.812109375 0.5734375 0.08828125 0.128125
0 0.6687500000000001 0.5666666666666667 0.08281250000000001 0.12083333333333333
0 0.8714843750000001 0.275 0.10078125 0.14791666666666667
0 0.95625 0.0890625 0.0859375 0.11979166666666667
0 0.5703125 0.325 0.051562500000000004 0.05625
0 0.366015625 0.9296875 0.08828125 0.10729166666666666
0 0.44257812500000004 0.8640625 0.09296875 0.10729166666666666
0 0.43671875000000004 0.959375 0.06875 0.07916666666666666
0 0.17929687500000002 0.8916666666666666 0.047656250000000004 0.05625
