0 0.31015625 0.45 0.09062500000000001 0.12291666666666666
0 0.35078125000000004 0.5057291666666667 0.08281250000000001 0.11354166666666667
0 0.508203125 0.2552083333333333 0.05078125 0.0375
0 0.587109375 0.18854166666666666 0.04296875 0.05416666666666667
0 0.6015625 0.5302083333333333 0.08125 0.10416666666666667
0 0.6828125 0.5635416666666666 0.07968750000000001 0.10416666666666667
0 0.954296875 0.3651041666666667 0.08828125 0.14479166666666665
0 0.16875 0.41562499999999997 0.08125 0.11458333333333333
0 0.047265625000000006 0.55625 0.07890625000000001 0.10208333333333333
0 0.7488281250000001 0.8046875 0.07109375 0.10520833333333333
0 0.31328125 0.6473958333333333 0.07187500000000001 0.096875
0 0.43515625 0.5005208333333333 0.0859375 0.09895833333333333
0 0.50625 0.4979166666666667 0.05625 0.09583333333333333
0 0.34492187500000004 0.03697916666666667 0.08515625 0.06770833333333333
0 0.109765625 0.2109375 0.04296875 0.04895833333333333
0 0.19609375 0.028125 0.078125 0.05416666666666667
