0 0.42226562500000003 0.29322916666666665 0.09609375 0.13020833333333334
0 0.5085937500000001 0.2578125 0.0921875 0.11354166666666667
0 0.581640625 0.0953125 0.08203125 0.11354166666666667
0 0.6664062500000001 0.09947916666666666 0.09062500000000001 0.10520833333333333
0 0.7429687500000001 0.065625 0.096875 0.1125
0 0.923046875 0.04895833333333333 0.03828125 0.06041666666666667
0 0.9339843750000001 0.2869791666666667 0.04296875 0.05520833333333333
0 0.784765625 0.21666666666666667 0.04609375 0.06041666666666667
0 0.7296875 0.23802083333333332 0.0421875 0.06145833333333333
0 0.747265625 0.3140625 0.047656250000000004 0.06770833333333333
0 0.8796875000000001 0.7947916666666667 0.0859375 0.10625
0 0.921875 0.6984375 0.07187500000000001 0.096875
0 0.80234375 0.7828125 0.034375 0.051041666666666666
0 0.761328125 0.721875 0.08359375000000001 0.09791666666666667
0 0.7503906250000001 0.8114583333333333 0.04609375 0.06041666666666667
0 0.6414062500000001 0.8119791666666667 0.0859375 0.11354166666666667
0 0.684765625 0.7770833333333333 0.06328125 0.11458333333333333
0 0.5906250000000001 0.8239583333333333 0.08750000000000001 0.12083333333333333
0 0.562890625 0.6734375 0.08828125 0.11354166666666667
0 0.46914062500000003 0.75 0.10078125 0.12291666666666666
0 0.39101562500000003 0.9109375 0.09921875000000001 0.11145833333333333
0 0.2578125 0.8713541666666667 0.0859375 0.11562499999999999
0 0.1953125 0.875 0.09531250000000001 0.12083333333333333
0 0.205859375 0.7015625 0.07578125000000001 0.12395833333333334
0 0.3359375 0.6598958333333333 0.1 0.13854166666666667
0 0.41953125 0.6322916666666667 0.08750000000000001 0.1
0 0.197265625 0.46770833333333334 0.08359375000000001 0.10416666666666667
0 0.10546875 0.78125 0.07968750000000001 0.09583333333333333
0 0.06796875000000001 0.71875 0.0734375 0.10833333333333334
0 0.49843750000000003 0.059895833333333336 0.0765625 0.109375
0 0.6863281250000001 0.18645833333333334 0.03515625 0.06041666666666667
0 0.59609375 0.20885416666666667 0.043750000000000004 0.051041666666666666
