0 0.203515625 0.5348958333333333 0.08671875000000001 0.11770833333333333
0 0.26328125 0.7234375 0.08750000000000001 0.128125
0 0.6351562500000001 0.5333333333333333 0.07968750000000001 0.08958333333333333
0 0.525390625 0.20625 0.04609375 0.06041666666666667
0 0.28046875 0.034375 0.09062500000000001 0.06666666666666667
0 0.34765625 0.07604166666666666 0.0859375 0.11458333333333333
0 0.181640625 0.43854166666666666 0.05078125 0.05625
0 0.3609375 0.6380208333333334 0.040625 0.04895833333333333
0 0.3984375 0.6447916666666667 0.034375 0.052083333333333336
0 0.6328125 0.8119791666666667 0.021875000000000002 0.028125
0 0.51796875 0.6640625 0.0625 0.06354166666666666
0 0.5789062500000001 0.6588541666666666 0.0625 0.07395833333333333
