0 0.20820312500000002 0.7057291666666666 0.08515625 0.109375
0 0.5125000000000001 0.5380208333333333 0.078125 0.10729166666666666
0 0.40234375 0.7479166666666667 0.084375 0.11875
0 0.8308593750000001 0.690625 0.08046875 0.11041666666666666
0 0.91328125 0.6796875 0.0734375 0.128125
0 0.583203125 0.771875 0.08203125 0.0875
0 0.46992187500000004 0.7854166666666667 0.06015625 0.11458333333333333
0 0.34101562500000004 0.75625 0.047656250000000004 0.1
0 0.791015625 0.303125 0.041406250000000006 0.07291666666666667
0 0.51484375 0.0421875 0.1015625 0.08229166666666667
0 0.439453125 0.06666666666666667 0.08828125 0.11041666666666666
0 0.9593750000000001 0.08125 0.06875 0.11041666666666666
0 0.42304687500000004 0.26197916666666665 0.04609375 0.05520833333333333
