0 0.155078125 0.16145833333333334 0.039843750000000004 0.04791666666666666
0 0.22031250000000002 0.075 0.029687500000000002 0.05625
0 0.22734375 0.1921875 0.046875 0.071875
0 0.27187500000000003 0.20104166666666667 0.045312500000000006 0.06458333333333333
0 0.28164062500000003 0.2973958333333333 0.04453125 0.046875
0 0.36835937500000004 0.5348958333333333 0.032031250000000004 0.084375
0 0.2234375 0.6109375 0.0625 0.09479166666666666
0 0.42304687500000004 0.6932291666666667 0.039843750000000004 0.04895833333333333
0 0.4234375 0.6421875 0.0328125 0.05520833333333333
0 0.555859375 0.47239583333333335 0.08515625 0.11562499999999999
0 0.594921875 0.3989583333333333 0.049218750000000006 0.05625
0 0.581640625 0.09322916666666667 0.03671875 0.059375
0 0.583984375 0.14427083333333332 0.03515625 0.051041666666666666
0 0.41875 0.04739583333333333 0.09062500000000001 0.09270833333333334
0 0.88828125 0.43385416666666665 0.0765625 0.11354166666666667
0 0.9703125 0.33541666666666664 0.0578125 0.11666666666666667
0 0.9730468750000001 0.5213541666666667 0.05390625 0.09270833333333334
0 0.85703125 0.5401041666666666 0.07500000000000001 0.09479166666666666
0 0.946484375 0.703125 0.05859375 0.08958333333333333
0 0.9144531250000001 0.8416666666666667 0.06328125 0.09583333333333333
0 0.6140625000000001 0.8901041666666667 0.06875 0.09270833333333334
0 0.30507812500000003 0.9401041666666666 0.07421875 0.096875
