0 0.14765625000000002 0.4770833333333333 0.07500000000000001 0.1
0 0.40234375 0.45468749999999997 0.09062500000000001 0.121875
0 0.63984375 0.6041666666666666 0.0765625 0.11458333333333333
0 0.55859375 0.7223958333333333 0.0703125 0.09270833333333334
0 0.71015625 0.7255208333333333 0.09375 0.146875
0 0.7683593750000001 0.6317708333333333 0.09140625000000001 0.11354166666666667
0 0.480078125 0.7276041666666666 0.08515625 0.121875
0 0.630078125 0.709375 0.08359375000000001 0.125
0 0.6019531250000001 0.2760416666666667 0.03359375 0.052083333333333336
0 0.30000000000000004 0.19166666666666665 0.0484375 0.04791666666666666
0 0.33906250000000004 0.7385416666666667 0.06875 0.1
0 0.273046875 0.7739583333333333 0.07890625000000001 0.08958333333333333
0 0.037109375 0.5546875 0.07109375 0.09895833333333333
0 0.052734375 0.8468749999999999 0.06015625 0.07916666666666666
0 0.451953125 0.175 0.039843750000000004 0.04791666666666666
0 0.34765625 0.033854166666666664 0.03125 0.03854166666666667
0 0.2578125 0.14479166666666665 0.035937500000000004 0.04583333333333333
0 0.11484375000000001 0.065625 0.09531250000000001 0.10625
0 0.43828125 0.03697916666666667 0.0625 0.071875
0 0.38046875 0.10625 0.026562500000000003 0.03958333333333333
