0 0.276953125 0.125 0.09765625 0.1125
0 0.33515625000000004 0.10989583333333333 0.051562500000000004 0.09479166666666666
0 0.21640625000000002 0.428125 0.09062500000000001 0.11666666666666667
0 0.15859375 0.615625 0.09375 0.1125
0 0.240625 0.6854166666666667 0.0765625 0.11458333333333333
0 0.31953125000000004 0.6755208333333333 0.09531250000000001 0.11354166666666667
0 0.7406250000000001 0.6395833333333333 0.09375 0.12916666666666665
0 0.641796875 0.5598958333333334 0.04453125 0.06979166666666667
0 0.865234375 0.346875 0.08671875000000001 0.13125
0 0.912109375 0.23489583333333333 0.09140625000000001 0.09270833333333334
0 0.937109375 0.5223958333333333 0.08203125 0.11354166666666667
0 0.9519531250000001 0.85625 0.07734375 0.10625
0 0.280078125 0.9442708333333333 0.05390625 0.071875
0 0.229296875 0.9484374999999999 0.049218750000000006 0.065625
0 0.9812500000000001 0.23072916666666665 0.037500000000000006 0.128125
