0 0.19062500000000002 0.4973958333333333 0.1046875 0.121875
0 0.543359375 0.6166666666666667 0.11171875 0.13333333333333333
0 0.868359375 0.5098958333333333 0.09296875 0.13645833333333332
0 0.821484375 0.6161458333333333 0.08046875 0.103125
0 0.693359375 0.4869791666666667 0.06796875000000001 0.07395833333333333
0 0.9675781250000001 0.4822916666666667 0.06484375 0.12708333333333333
0 0.5632812500000001 0.2671875 0.0421875 0.051041666666666666
0 0.2015625 0.13333333333333333 0.08750000000000001 0.09375
0 0.21875 0.6614583333333334 0.0921875 0.09375
0 0.240625 0.8494791666666667 0.078125 0.08229166666666667
0 0.12890625 0.6229166666666667 0.07500000000000001 0.09375
