0 0.031640625 0.39739583333333334 0.06171875 0.09479166666666666
0 0.19609375 0.0375 0.08281250000000001 0.07291666666666667
0 0.7406250000000001 0.10885416666666667 0.08281250000000001 0.11145833333333333
0 0.8191406250000001 0.3421875 0.07265625 0.084375
0 0.9015625 0.23854166666666665 0.0859375 0.11041666666666666
0 0.951171875 0.5026041666666666 0.07890625000000001 0.09895833333333333
0 0.731640625 0.3442708333333333 0.05390625 0.084375
0 0.679296875 0.8526041666666666 0.08828125 0.10520833333333333
0 0.535546875 0.9354166666666667 0.07734375 0.09166666666666666
0 0.172265625 0.9734375 0.06484375 0.053125
0 0.24179687500000002 0.5229166666666667 0.08046875 0.09791666666666667
0 0.21328125 0.44427083333333334 0.078125 0.10104166666666667
0 0.33046875000000003 0.4359375 0.09062500000000001 0.12395833333333334
0 0.487109375 0.46041666666666664 0.08828125 0.1125
0 0.544921875 0.47291666666666665 0.07890625000000001 0.11666666666666667
0 0.5613281250000001 0.6390625 0.07265625 0.10729166666666666
0 0.07265625 0.490625 0.0171875 0.025
0 0.080078125 0.515625 0.01640625 0.025
0 0.013281250000000001 0.6265625 0.025 0.078125
0 0.884375 0.5765625 0.034375 0.046875
0 0.792578125 0.44635416666666666 0.022656250000000003 0.028125
0 0.7484375000000001 0.4453125 0.025 0.028125
