0 0.362109375 0.546875 0.07734375 0.10416666666666667
0 0.31367187500000004 0.5817708333333333 0.08046875 0.10729166666666666
0 0.21601562500000002 0.5729166666666666 0.08046875 0.09583333333333333
0 0.19921875 0.7041666666666666 0.078125 0.12291666666666666
0 0.28671875 0.834375 0.07968750000000001 0.12083333333333333
0 0.23125 0.8156249999999999 0.05625 0.08541666666666667
0 0.841015625 0.490625 0.08515625 0.12916666666666665
0 0.7765625 0.44114583333333335 0.07500000000000001 0.11770833333333333
0 0.978125 0.46979166666666666 0.043750000000000004 0.12916666666666665
0 0.456640625 0.24895833333333334 0.039843750000000004 0.058333333333333334
0 0.36562500000000003 0.28125 0.046875 0.06041666666666667
0 0.470703125 0.128125 0.04296875 0.05416666666666667
0 0.47421875 0.057812499999999996 0.05 0.057291666666666664
0 0.31796875 0.9671875 0.0234375 0.030208333333333334
0 0.5769531250000001 0.9739583333333334 0.039843750000000004 0.041666666666666664
0 0.558203125 0.7348958333333333 0.025781250000000002 0.03229166666666666
0 0.52734375 0.8166666666666667 0.0203125 0.029166666666666667
0 0.837890625 0.5989583333333334 0.01953125 0.03125
0 0.774609375 0.6270833333333333 0.01640625 0.025
0 0.10312500000000001 0.7270833333333333 0.0171875 0.025
0 0.0859375 0.7395833333333334 0.015625 0.020833333333333332
0 0.156640625 0.7776041666666667 0.022656250000000003 0.030208333333333334
0 0.15351562500000002 0.7286458333333333 0.01953125 0.028125
0 0.11992187500000001 0.725 0.01953125 0.029166666666666667
