0 0.10820312500000001 0.4432291666666667 0.07578125000000001 0.103125
0 0.136328125 0.5151041666666667 0.07890625000000001 0.10104166666666667
0 0.20468750000000002 0.42916666666666664 0.08281250000000001 0.11458333333333333
0 0.29140625000000003 0.4734375 0.053125000000000006 0.10729166666666666
0 0.362109375 0.4510416666666667 0.08359375000000001 0.11458333333333333
0 0.42578125 0.46875 0.0765625 0.12708333333333333
0 0.628125 0.09947916666666666 0.078125 0.10520833333333333
0 0.45859375 0.0296875 0.09531250000000001 0.057291666666666664
0 0.09648437500000001 0.041666666666666664 0.08046875 0.08125
0 0.7214843750000001 0.32760416666666664 0.07734375 0.09479166666666666
0 0.6726562500000001 0.3390625 0.05 0.08020833333333333
0 0.8441406250000001 0.503125 0.07734375 0.10416666666666667
0 0.9398437500000001 0.44479166666666664 0.0765625 0.11458333333333333
0 0.801953125 0.22239583333333332 0.07265625 0.11562499999999999
0 0.562109375 0.8432291666666667 0.08515625 0.11354166666666667
0 0.415625 0.9260416666666667 0.0765625 0.08541666666666667
0 0.09062500000000001 0.9614583333333333 0.0703125 0.07708333333333334
0 0.46171875 0.6364583333333333 0.0703125 0.1
0 0.630859375 0.5546875 0.02109375 0.03229166666666666
0 0.726171875 0.584375 0.022656250000000003 0.03125
