0 0.1484375 0.5786458333333333 0.08281250000000001 0.11770833333333333
0 0.223046875 0.5895833333333333 0.07421875 0.10208333333333333
0 0.397265625 0.25364583333333335 0.11640625 0.12604166666666666
0 0.53359375 0.07083333333333333 0.1046875 0.13958333333333334
0 0.7093750000000001 0.27291666666666664 0.046875 0.06041666666666667
0 0.7679687500000001 0.2677083333333333 0.0390625 0.058333333333333334
0 0.47734375 0.6166666666666667 0.0859375 0.11875
0 0.41054687500000003 0.746875 0.08671875000000001 0.12083333333333333
0 0.416796875 0.865625 0.08203125 0.09583333333333333
0 0.27421875 0.7552083333333334 0.084375 0.12916666666666665
0 0.065234375 0.7369791666666666 0.08046875 0.10729166666666666
0 0.655859375 0.5770833333333333 0.05234375 0.06458333333333333
0 0.8480468750000001 0.5453125 0.06171875 0.084375
0 0.8125 0.6822916666666666 0.07500000000000001 0.10833333333333334
0 0.91171875 0.7963541666666667 0.07968750000000001 0.103125
0 0.841796875 0.7947916666666667 0.06484375 0.09166666666666666
0 0.913671875 0.5640625 0.07109375 0.10520833333333333
0 0.6003906250000001 0.521875 0.05078125 0.07916666666666666
