0 0.15546875000000002 0.221875 0.084375 0.10625
0 0.43046875 0.0421875 0.1171875 0.08229166666666667
0 0.270703125 0.17916666666666667 0.08828125 0.1
0 0.470703125 0.24583333333333332 0.09765625 0.12708333333333333
0 0.38398437500000004 0.2677083333333333 0.09453125000000001 0.14375
0 0.290625 0.3458333333333333 0.0890625 0.10208333333333333
0 0.534375 0.5125 0.09531250000000001 0.125
0 0.61484375 0.4817708333333333 0.078125 0.121875
0 0.6332031250000001 0.5838541666666667 0.08828125 0.10104166666666667
0 0.767578125 0.471875 0.08828125 0.10833333333333334
0 0.93515625 0.3645833333333333 0.07187500000000001 0.09791666666666667
0 0.7429687500000001 0.18229166666666666 0.05625 0.04375
0 0.523828125 0.6317708333333333 0.09765625 0.10729166666666666
0 0.4375 0.5984375 0.0765625 0.13020833333333334
0 0.36328125 0.5651041666666666 0.0859375 0.11562499999999999
0 0.252734375 0.6244791666666667 0.06640625 0.10520833333333333
0 0.35195312500000003 0.7671875 0.07890625000000001 0.103125
0 0.6023437500000001 0.9375 0.1 0.09791666666666667
0 0.189453125 0.565625 0.06015625 0.09583333333333333
0 0.5750000000000001 0.7916666666666666 0.07968750000000001 0.09583333333333333
0 0.453125 0.7244791666666667 0.0859375 0.11354166666666667
0 0.21171875 0.8781249999999999 0.0625 0.08958333333333333
0 0.8894531250000001 0.5161458333333333 0.08515625 0.096875
0 0.765625 0.5994791666666667 0.08750000000000001 0.11145833333333333
