0 0.10820312500000001 0.5052083333333334 0.07890625000000001 0.09166666666666666
0 0.13125 0.6 0.078125 0.11458333333333333
0 0.33242187500000003 0.42916666666666664 0.04609375 0.0625
0 0.44453125000000004 0.15 0.084375 0.11875
0 0.47421875 0.03177083333333333 0.1125 0.06145833333333333
0 0.5640625 0.11875 0.07500000000000001 0.1125
0 0.490234375 0.20885416666666667 0.09140625000000001 0.103125
0 0.255078125 0.18333333333333332 0.04296875 0.04791666666666666
0 0.287109375 0.19895833333333332 0.041406250000000006 0.058333333333333334
0 0.41640625000000003 0.5838541666666667 0.09062500000000001 0.12395833333333334
0 0.471484375 0.7619791666666667 0.08359375000000001 0.11145833333333333
0 0.5921875 0.6979166666666666 0.0921875 0.12291666666666666
0 0.6390625000000001 0.7755208333333333 0.0859375 0.103125
0 0.81015625 0.696875 0.09843750000000001 0.11666666666666667
0 0.9242187500000001 0.7473958333333334 0.08750000000000001 0.10729166666666666
0 0.9441406250000001 0.4375 0.08671875000000001 0.1125
0 0.81171875 0.32916666666666666 0.0390625 0.04791666666666666
0 0.88046875 0.2453125 0.0421875 0.06145833333333333
0 0.909765625 0.18802083333333333 0.03359375 0.051041666666666666
0 0.98046875 0.18645833333333334 0.0390625 0.06458333333333333
0 0.365234375 0.8927083333333333 0.08671875000000001 0.1
0 0.40273437500000003 0.8447916666666666 0.06640625 0.10416666666666667
0 0.246875 0.9442708333333333 0.053125000000000006 0.078125
0 0.28554687500000003 0.8651041666666667 0.049218750000000006 0.06770833333333333
0 0.1421875 0.9520833333333333 0.084375 0.08958333333333333
0 0.07578125000000001 0.8083333333333333 0.084375 0.11041666666666666
0 0.125 0.7265625 0.084375 0.103125
0 0.25078125 0.6401041666666667 0.06406250000000001 0.09270833333333334
0 0.290625 0.6369791666666667 0.0484375 0.078125
0 0.693359375 0.9828125 0.02421875 0.028125
0 0.42617187500000003 0.3875 0.02109375 0.03333333333333333
