0 0.303515625 0.34375 0.08203125 0.10833333333333334
0 0.14296875 0.409375 0.07968750000000001 0.10833333333333334
0 0.141015625 0.503125 0.09453125000000001 0.11875
0 0.182421875 0.6010416666666667 0.06484375 0.09791666666666667
0 0.33203125 0.5541666666666667 0.08281250000000001 0.1
0 0.49453125000000003 0.45 0.09375 0.12083333333333333
0 0.42695312500000004 0.5510416666666667 0.09296875 0.11666666666666667
0 0.433203125 0.6598958333333333 0.08671875000000001 0.09895833333333333
0 0.38203125000000004 0.7447916666666666 0.096875 0.125
0 0.7566406250000001 0.9083333333333333 0.08203125 0.10208333333333333
0 0.8582031250000001 0.7140625 0.07421875 0.109375
0 0.9515625000000001 0.665625 0.08281250000000001 0.11666666666666667
0 0.827734375 0.21458333333333332 0.09296875 0.14375
0 0.904296875 0.20833333333333334 0.08984375 0.12708333333333333
0 0.2015625 0.08541666666666667 0.037500000000000006 0.029166666666666667
0 0.17695312500000002 0.07916666666666666 0.022656250000000003 0.029166666666666667
