0 0.060546875 0.3333333333333333 0.10234375000000001 0.14583333333333334
0 0.173828125 0.353125 0.11328125 0.1625
0 0.32539062500000004 0.74375 0.12734375 0.15208333333333332
0 0.6156250000000001 0.7734375 0.096875 0.146875
0 0.710546875 0.8151041666666666 0.08828125 0.128125
0 0.765625 0.07708333333333334 0.0921875 0.11666666666666667
0 0.85546875 0.12395833333333334 0.1046875 0.15208333333333332
0 0.56796875 0.07291666666666667 0.10312500000000001 0.11875
0 0.182421875 0.051041666666666666 0.08984375 0.09791666666666667
0 0.257421875 0.24114583333333334 0.039843750000000004 0.051041666666666666
0 0.21171875 0.7520833333333333 0.1015625 0.13541666666666666
0 0.36328125 0.6213541666666667 0.096875 0.09895833333333333
0 0.9089843750000001 0.6098958333333333 0.07265625 0.11562499999999999
0 0.96640625 0.7302083333333333 0.05625 0.11458333333333333
0 0.563671875 0.9609375 0.05234375 0.057291666666666664
0 0.2609375 0.29010416666666666 0.0390625 0.034375
