0 0.19843750000000002 0.18229166666666666 0.0390625 0.041666666666666664
0 0.226953125 0.453125 0.04453125 0.05625
0 0.323828125 0.5463541666666667 0.09453125000000001 0.13020833333333334
0 0.38007812500000004 0.7385416666666667 0.09296875 0.12291666666666666
0 0.688671875 0.6640625 0.07265625 0.065625
0 0.618359375 0.6520833333333333 0.07109375 0.10416666666666667
0 0.75 0.5390625 0.0671875 0.09270833333333334
0 0.8109375000000001 0.5619791666666667 0.035937500000000004 0.057291666666666664
0 0.574609375 0.20833333333333334 0.04453125 0.052083333333333336
0 0.46210937500000004 0.08229166666666667 0.09296875 0.12291666666666666
0 0.39375000000000004 0.04375 0.09375 0.08333333333333333
0 0.3875 0.16302083333333334 0.0671875 0.11562499999999999
0 0.244140625 0.34479166666666666 0.041406250000000006 0.05625
0 0.562109375 0.4317708333333333 0.05390625 0.051041666666666666
0 0.578125 0.3958333333333333 0.040625 0.052083333333333336
