0 0.032031250000000004 0.07135416666666666 0.0625 0.11562499999999999
0 0.21210937500000002 0.325 0.041406250000000006 0.05625
0 0.5398437500000001 0.10833333333333334 0.08281250000000001 0.10833333333333334
0 0.625 0.084375 0.1 0.125
0 0.70703125 0.08072916666666667 0.0890625 0.128125
0 0.7933593750000001 0.10260416666666666 0.08203125 0.11354166666666667
0 0.860546875 0.058854166666666666 0.09765625 0.11354166666666667
0 0.9046875000000001 0.16979166666666667 0.08750000000000001 0.12708333333333333
0 0.511328125 0.3911458333333333 0.08203125 0.10520833333333333
0 0.3515625 0.590625 0.09531250000000001 0.12708333333333333
0 0.5515625000000001 0.6010416666666667 0.0859375 0.1125
0 0.6171875 0.6776041666666667 0.07968750000000001 0.109375
0 0.7484375000000001 0.8088541666666667 0.051562500000000004 0.065625
0 0.58359375 0.8203125 0.043750000000000004 0.059375
0 0.5320312500000001 0.8734375 0.046875 0.065625
0 0.3015625 0.9562499999999999 0.028125 0.05
0 0.03828125 0.6916666666666667 0.060937500000000006 0.075
