0 0.31484375000000003 0.21822916666666667 0.07968750000000001 0.11354166666666667
0 0.37343750000000003 0.17083333333333334 0.08281250000000001 0.11458333333333333
0 0.46953125 0.08125 0.0921875 0.125
0 0.626171875 0.03958333333333333 0.08984375 0.07708333333333334
0 0.515234375 0.3 0.04453125 0.04791666666666666
0 0.396484375 0.4119791666666667 0.05078125 0.053125
0 0.31640625 0.46770833333333334 0.060937500000000006 0.06875
0 0.09648437500000001 0.09114583333333333 0.039843750000000004 0.040625
0 0.11171875 0.6713541666666667 0.08125 0.11770833333333333
0 0.3140625 0.8052083333333333 0.07968750000000001 0.10416666666666667
0 0.272265625 0.7817708333333333 0.055468750000000004 0.08854166666666667
0 0.47421875 0.740625 0.0703125 0.10416666666666667
0 0.5535156250000001 0.6578125 0.06640625 0.10729166666666666
0 0.6218750000000001 0.6760416666666667 0.0734375 0.08541666666666667
0 0.96015625 0.5671875 0.0765625 0.11979166666666667
0 0.9691406250000001 0.378125 0.041406250000000006 0.0625
0 0.6359375 0.9406249999999999 0.043750000000000004 0.041666666666666664
0 0.30546875 0.9458333333333333 0.046875 0.05
0 0.205078125 0.08854166666666667 0.06484375 0.08958333333333333
0 0.08554687500000001 0.22760416666666666 0.01953125 0.026041666666666668
0 0.10039062500000001 0.13958333333333334 0.02109375 0.020833333333333332
0 0.043750000000000004 0.2984375 0.018750000000000003 0.026041666666666668
0 0.13515625 0.2713541666666667 0.0203125 0.026041666666666668
