0 0.30390625000000004 0.6880208333333333 0.09062500000000001 0.11145833333333333
0 0.40859375000000003 0.6614583333333334 0.08750000000000001 0.10833333333333334
0 0.651953125 0.6973958333333333 0.08984375 0.12395833333333334
0 0.7828125 0.7083333333333334 0.0921875 0.12916666666666665
0 0.8285156250000001 0.5307291666666667 0.08671875000000001 0.10520833333333333
0 0.543359375 0.71875 0.07734375 0.10416666666666667
0 0.5546875 0.27291666666666664 0.053125000000000006 0.07708333333333334
0 0.334765625 0.1765625 0.05078125 0.059375
0 0.48476562500000003 0.040625 0.08984375 0.07916666666666666
0 0.71875 0.21354166666666666 0.021875000000000002 0.029166666666666667
0 0.69921875 0.22291666666666665 0.018750000000000003 0.029166666666666667
0 0.73828125 0.22916666666666666 0.018750000000000003 0.027083333333333334
0 0.479296875 0.3026041666666667 0.025781250000000002 0.03229166666666666
