0 0.47773437500000004 0.16979166666666667 0.07109375 0.11458333333333333
0 0.651953125 0.746875 0.09921875000000001 0.12083333333333333
0 0.7328125000000001 0.7109375 0.08281250000000001 0.121875
0 0.197265625 0.6494791666666666 0.09296875 0.12395833333333334
0 0.1171875 0.6927083333333334 0.09062500000000001 0.1125
0 0.19296875000000002 0.7645833333333333 0.078125 0.11666666666666667
0 0.848828125 0.049479166666666664 0.10078125 0.08854166666666667
0 0.29335937500000003 0.06979166666666667 0.10546875 0.1125
0 0.66171875 0.2859375 0.0484375 0.06354166666666666
0 0.40937500000000004 0.16041666666666665 0.0703125 0.1125
