0 0.193359375 0.14895833333333333 0.07421875 0.10416666666666667
0 0.2859375 0.28229166666666666 0.0859375 0.11458333333333333
0 0.23125 0.3458333333333333 0.08125 0.10208333333333333
0 0.128515625 0.353125 0.07109375 0.08958333333333333
0 0.046484375 0.6770833333333334 0.055468750000000004 0.06875
0 0.022656250000000003 0.7395833333333334 0.043750000000000004 0.07083333333333333
0 0.16562500000000002 0.7588541666666666 0.0671875 0.08229166666666667
0 0.18710937500000002 0.8838541666666666 0.06328125 0.08229166666666667
0 0.325 0.49583333333333335 0.08750000000000001 0.1125
0 0.43984375000000003 0.5130208333333334 0.07187500000000001 0.084375
0 0.5078125 0.46458333333333335 0.08750000000000001 0.1125
0 0.590234375 0.5401041666666666 0.08046875 0.10729166666666666
0 0.6550781250000001 0.503125 0.07578125000000001 0.09583333333333333
0 0.7386718750000001 0.5135416666666667 0.06640625 0.09583333333333333
0 0.8984375 0.5854166666666667 0.07968750000000001 0.10416666666666667
0 0.8703125 0.95 0.06406250000000001 0.08541666666666667
0 0.675 0.9677083333333333 0.0703125 0.0625
0 0.377734375 0.15677083333333333 0.05078125 0.05520833333333333
0 0.413671875 0.11979166666666667 0.04296875 0.04583333333333333
0 0.616796875 0.10781249999999999 0.04296875 0.053125
0 0.51875 0.0390625 0.0390625 0.040625
0 0.7660156250000001 0.05625 0.030468750000000003 0.03125
0 0.43046875 0.6411458333333333 0.0671875 0.08020833333333333
0 0.32890625 0.6447916666666667 0.060937500000000006 0.08333333333333333
0 0.39960937500000004 0.5635416666666666 0.08515625 0.0875
0 0.1390625 0.078125 0.065625 0.0875
