0 0.258984375 0.2973958333333333 0.09609375 0.10520833333333333
0 0.29531250000000003 0.1453125 0.06406250000000001 0.09895833333333333
0 0.24765625000000002 0.5354166666666667 0.1078125 0.13125
0 0.18476562500000002 0.6817708333333333 0.09609375 0.11145833333333333
0 0.3609375 0.6276041666666666 0.1 0.121875
0 0.669140625 0.7052083333333333 0.09609375 0.13125
0 0.6214843750000001 0.8109375 0.09765625 0.11770833333333333
0 0.6203125 0.9130208333333333 0.09531250000000001 0.096875
0 0.841796875 0.6541666666666667 0.08515625 0.12708333333333333
0 0.60546875 0.4739583333333333 0.060937500000000006 0.06041666666666667
0 0.030468750000000003 0.8796875 0.059375000000000004 0.12604166666666666
