0 0.26796875000000003 0.20781249999999998 0.035937500000000004 0.042708333333333334
0 0.21484375 0.5890625 0.0859375 0.12395833333333334
0 0.29765625 0.6088541666666667 0.0734375 0.09479166666666666
0 0.392578125 0.5864583333333333 0.07109375 0.1
0 0.49257812500000003 0.6036458333333333 0.04453125 0.053125
0 0.585546875 0.5395833333333333 0.09453125000000001 0.11041666666666666
0 0.6640625 0.4901041666666667 0.08750000000000001 0.11770833333333333
0 0.7933593750000001 0.3958333333333333 0.07578125000000001 0.08958333333333333
0 0.88984375 0.359375 0.09375 0.11875
0 0.938671875 0.07708333333333334 0.08671875000000001 0.12291666666666666
0 0.88203125 0.08697916666666666 0.0578125 0.12395833333333334
0 0.9675781250000001 0.5145833333333333 0.04453125 0.05625
0 0.825390625 0.6510416666666666 0.08203125 0.10416666666666667
0 0.7351562500000001 0.6244791666666667 0.0734375 0.08854166666666667
0 0.71484375 0.7822916666666666 0.053125000000000006 0.05416666666666667
0 0.5125000000000001 0.9265625 0.0671875 0.090625
0 0.48085937500000003 0.9578125 0.09140625000000001 0.07604166666666666
0 0.3984375 0.9234375 0.08750000000000001 0.10104166666666667
0 0.26992187500000003 0.9515625 0.047656250000000004 0.057291666666666664
0 0.19296875000000002 0.9817708333333334 0.0765625 0.036458333333333336
0 0.378515625 0.7067708333333333 0.07109375 0.10520833333333333
0 0.4078125 0.7609375 0.0734375 0.10104166666666667
0 0.3296875 0.7578125 0.0765625 0.103125
0 0.6257812500000001 0.6958333333333333 0.0203125 0.029166666666666667
0 0.025781250000000002 0.5942708333333333 0.05 0.128125
0 0.16953125000000002 0.6286458333333333 0.0578125 0.09270833333333334
0 0.3765625 0.1421875 0.035937500000000004 0.059375
0 0.34375 0.07291666666666667 0.0390625 0.05
0 0.41328125000000004 0.17916666666666667 0.045312500000000006 0.05625
0 0.264453125 0.24479166666666666 0.04453125 0.05
0 0.49765625 0.4244791666666667 0.040625 0.06145833333333333
0 0.644140625 0.23802083333333332 0.022656250000000003 0.030208333333333334
0 0.5242187500000001 0.221875 0.0234375 0.027083333333333334
0 0.5 0.2265625 0.021875000000000002 0.034375
0 0.6804687500000001 0.22083333333333333 0.0234375 0.03125
0 0.73203125 0.27708333333333335 0.0203125 0.022916666666666665
0 0.7425781250000001 0.075 0.022656250000000003 0.025
0 0.675390625 0.12447916666666667 0.022656250000000003 0.028125
0 0.6351562500000001 0.09739583333333333 0.025 0.017708333333333333
