0 0.18984375 0.3416666666666667 0.0703125 0.10625
0 0.37148437500000003 0.4479166666666667 0.08515625 0.11458333333333333
0 0.31484375000000003 0.5447916666666667 0.08281250000000001 0.11666666666666667
0 0.220703125 0.5447916666666667 0.08046875 0.09375
0 0.314453125 0.653125 0.08359375000000001 0.10416666666666667
0 0.260546875 0.734375 0.08828125 0.11041666666666666
0 0.653515625 0.9010416666666666 0.08046875 0.10833333333333334
0 0.765234375 0.7182291666666667 0.07890625000000001 0.11145833333333333
0 0.7777343750000001 0.5020833333333333 0.08515625 0.09791666666666667
0 0.714453125 0.21041666666666667 0.08984375 0.12708333333333333
0 0.791015625 0.190625 0.09453125000000001 0.11666666666666667
0 0.890625 0.08333333333333333 0.09062500000000001 0.10208333333333333
