0 0.22617187500000002 0.34791666666666665 0.07265625 0.1125
0 0.28750000000000003 0.28072916666666664 0.084375 0.11770833333333333
0 0.195703125 0.153125 0.07890625000000001 0.1125
0 0.138671875 0.07395833333333333 0.06015625 0.08333333333333333
0 0.376953125 0.15572916666666667 0.04609375 0.06354166666666666
0 0.415625 0.12291666666666666 0.045312500000000006 0.05416666666666667
0 0.6171875 0.10885416666666667 0.040625 0.059375
0 0.50703125 0.46822916666666664 0.08281250000000001 0.11562499999999999
0 0.4375 0.5104166666666666 0.0765625 0.08125
0 0.43476562500000004 0.6421875 0.06796875000000001 0.08020833333333333
0 0.39882812500000003 0.565625 0.08359375000000001 0.09375
0 0.32421875 0.49322916666666666 0.08281250000000001 0.10520833333333333
0 0.330078125 0.6411458333333333 0.06328125 0.08020833333333333
0 0.16328125000000002 0.7619791666666667 0.06406250000000001 0.07604166666666666
0 0.0421875 0.678125 0.05 0.07291666666666667
0 0.6742187500000001 0.9666666666666667 0.06406250000000001 0.06666666666666667
0 0.8695312500000001 0.9515625 0.06875 0.084375
0 0.653515625 0.5010416666666666 0.07578125000000001 0.09583333333333333
0 0.7406250000000001 0.5161458333333333 0.07187500000000001 0.09270833333333334
0 0.9031250000000001 0.5869791666666666 0.08750000000000001 0.10729166666666666
0 0.5886718750000001 0.54375 0.08203125 0.09583333333333333
0 0.5125000000000001 0.030208333333333334 0.043750000000000004 0.04791666666666666
0 0.763671875 0.059375 0.02421875 0.03333333333333333
