0 0.271484375 0.15989583333333332 0.06328125 0.11145833333333333
0 0.25703125 0.2953125 0.09375 0.11354166666666667
0 0.24570312500000002 0.5338541666666666 0.10078125 0.121875
0 0.18515625000000002 0.68125 0.096875 0.10625
0 0.030468750000000003 0.8817708333333333 0.059375000000000004 0.12395833333333334
0 0.36445312500000004 0.6229166666666667 0.09765625 0.11875
0 0.66796875 0.6984375 0.1 0.12604166666666666
0 0.622265625 0.8125 0.09921875000000001 0.11458333333333333
0 0.6125 0.9135416666666667 0.0890625 0.10625
0 0.8425781250000001 0.65 0.08828125 0.125
0 0.6042968750000001 0.4734375 0.039843750000000004 0.06354166666666666
