0 0.23828125 0.5838541666666667 0.0890625 0.11770833333333333
0 0.3953125 0.378125 0.08281250000000001 0.1
0 0.421875 0.10208333333333333 0.084375 0.11458333333333333
0 0.5007812500000001 0.08802083333333333 0.09375 0.11770833333333333
0 0.4921875 0.16875 0.08125 0.09166666666666666
0 0.6000000000000001 0.08229166666666667 0.07500000000000001 0.12708333333333333
0 0.687109375 0.09010416666666667 0.07578125000000001 0.11562499999999999
0 0.7507812500000001 0.04895833333333333 0.09843750000000001 0.09166666666666666
0 0.794140625 0.159375 0.09765625 0.14166666666666666
0 0.948828125 0.25 0.039843750000000004 0.06458333333333333
0 0.9140625 0.24479166666666666 0.045312500000000006 0.058333333333333334
0 0.5066406250000001 0.6703125 0.08046875 0.11354166666666667
0 0.43828125 0.5916666666666667 0.09531250000000001 0.11666666666666667
0 0.6980468750000001 0.8020833333333334 0.057031250000000006 0.0625
0 0.525 0.8182291666666667 0.045312500000000006 0.06145833333333333
0 0.47382812500000004 0.8645833333333334 0.049218750000000006 0.06458333333333333
