0 0.06953125 0.12604166666666666 0.10312500000000001 0.12708333333333333
0 0.48085937500000003 0.05 0.10859375 0.09791666666666667
0 0.571484375 0.051041666666666666 0.07578125000000001 0.09791666666666667
0 0.6625000000000001 0.042708333333333334 0.10625000000000001 0.08333333333333333
0 0.6390625000000001 0.5411458333333333 0.0765625 0.10520833333333333
0 0.839453125 0.3109375 0.049218750000000006 0.065625
0 0.6355468750000001 0.20729166666666665 0.05078125 0.0625
0 0.15078125 0.25104166666666666 0.096875 0.09791666666666667
0 0.205859375 0.15572916666666667 0.08515625 0.13229166666666667
0 0.33515625000000004 0.7213541666666666 0.1015625 0.11770833333333333
0 0.5296875 0.75625 0.08750000000000001 0.11458333333333333
0 0.46484375 0.7666666666666666 0.0546875 0.10625
0 0.59921875 0.79375 0.059375000000000004 0.1
0 0.69453125 0.78125 0.07968750000000001 0.10625
0 0.943359375 0.6953125 0.08515625 0.109375
0 0.8816406250000001 0.6609375 0.055468750000000004 0.096875
