0 0.28945312500000003 0.290625 0.09453125000000001 0.125
0 0.36796875 0.25416666666666665 0.0890625 0.10625
0 0.4609375 0.24895833333333334 0.040625 0.052083333333333336
0 0.508203125 0.19114583333333332 0.04453125 0.057291666666666664
0 0.446875 0.0953125 0.08281250000000001 0.11770833333333333
0 0.6109375 0.057291666666666664 0.1078125 0.1125
0 0.5375 0.0921875 0.08281250000000001 0.09895833333333333
0 0.6984375 0.05260416666666667 0.040625 0.046875
0 0.6371093750000001 0.18229166666666666 0.04453125 0.05625
0 0.5398437500000001 0.20520833333333333 0.026562500000000003 0.04375
0 0.7308593750000001 0.20885416666666667 0.04296875 0.059375
0 0.677734375 0.23385416666666667 0.041406250000000006 0.059375
0 0.6960937500000001 0.30416666666666664 0.0484375 0.052083333333333336
0 0.8851562500000001 0.2833333333333333 0.040625 0.06458333333333333
0 0.9535156250000001 0.5375 0.07265625 0.1
0 0.798046875 0.6947916666666667 0.06796875000000001 0.10416666666666667
0 0.908203125 0.7203125 0.08203125 0.11354166666666667
0 0.7468750000000001 0.7921875 0.096875 0.11770833333333333
0 0.640625 0.7182291666666667 0.08281250000000001 0.090625
0 0.513671875 0.8015625 0.08671875000000001 0.109375
0 0.41796875 0.6666666666666666 0.08750000000000001 0.11458333333333333
0 0.32578125 0.7421875 0.09843750000000001 0.12604166666666666
0 0.197265625 0.64375 0.09453125000000001 0.125
0 0.276171875 0.9041666666666667 0.08984375 0.12083333333333333
0 0.139453125 0.8479166666666667 0.07421875 0.11458333333333333
0 0.0625 0.8598958333333333 0.08750000000000001 0.13020833333333334
0 0.08867187500000001 0.6875 0.06328125 0.1375
0 0.09062500000000001 0.4609375 0.08125 0.10729166666666666
0 0.40234375 0.34322916666666664 0.0390625 0.051041666666666666
0 0.59609375 0.17760416666666667 0.0390625 0.05520833333333333
