0 0.18359375 0.36354166666666665 0.0859375 0.1125
0 0.11484375000000001 0.36302083333333335 0.06875 0.128125
0 0.33203125 0.06041666666666667 0.1203125 0.11875
0 0.744140625 0.65625 0.10234375000000001 0.12291666666666666
0 0.8464843750000001 0.6026041666666666 0.08671875000000001 0.10729166666666666
0 0.7757812500000001 0.5 0.10312500000000001 0.14791666666666667
0 0.70234375 0.5869791666666666 0.08125 0.11979166666666667
0 0.6234375000000001 0.565625 0.07500000000000001 0.10833333333333334
0 0.5921875 0.8703124999999999 0.1125 0.14895833333333333
0 0.271484375 0.7083333333333334 0.09609375 0.13958333333333334
0 0.7996093750000001 0.2671875 0.08984375 0.11979166666666667
0 0.7234375000000001 0.190625 0.096875 0.1125
