0 0.730078125 0.08020833333333333 0.08828125 0.11041666666666666
0 0.5375 0.09583333333333333 0.07187500000000001 0.09791666666666667
0 0.21250000000000002 0.1875 0.07968750000000001 0.1125
0 0.0578125 0.6296875 0.084375 0.10104166666666667
0 0.276953125 0.6109375 0.06171875 0.10729166666666666
0 0.6671875 0.5677083333333334 0.0765625 0.1125
0 0.780859375 0.6338541666666666 0.07734375 0.09895833333333333
0 0.73984375 0.6739583333333333 0.0625 0.07708333333333334
0 0.855078125 0.7421875 0.05390625 0.065625
0 0.6746093750000001 0.27291666666666664 0.07734375 0.10416666666666667
0 0.6257812500000001 0.2677083333333333 0.0484375 0.09583333333333333
0 0.25234375000000003 0.23906249999999998 0.035937500000000004 0.059375
0 0.27734375 0.20625 0.0390625 0.052083333333333336
0 0.8757812500000001 0.1703125 0.07500000000000001 0.096875
0 0.32343750000000004 0.7734375 0.021875000000000002 0.028125
0 0.3515625 0.778125 0.025 0.035416666666666666
0 0.50546875 0.8052083333333333 0.0234375 0.027083333333333334
0 0.5339843750000001 0.8307291666666666 0.02109375 0.026041666666666668
0 0.61328125 0.6848958333333334 0.018750000000000003 0.02395833333333333
0 0.5867187500000001 0.6729166666666666 0.0171875 0.029166666666666667
0 0.54140625 0.6796875 0.0203125 0.026041666666666668
0 0.36328125 0.8817708333333333 0.018750000000000003 0.028125
0 0.3875 0.22604166666666667 0.018750000000000003 0.025
0 0.35625 0.19114583333333332 0.0203125 0.030208333333333334
0 0.34296875000000004 0.19947916666666665 0.0203125 0.026041666666666668
0 0.33046875000000003 0.24166666666666667 0.0203125 0.027083333333333334
0 0.45546875000000003 0.13020833333333334 0.021875000000000002 0.027083333333333334
0 0.39960937500000004 0.05364583333333333 0.017968750000000002 0.02395833333333333
0 0.42109375000000004 0.034375 0.018750000000000003 0.022916666666666665
0 0.09726562500000001 0.08854166666666667 0.032031250000000004 0.04375
