0 0.16953125000000002 0.5536458333333333 0.09375 0.11562499999999999
0 0.12812500000000002 0.3703125 0.09531250000000001 0.12604166666666666
0 0.25390625 0.24166666666666667 0.09531250000000001 0.1375
0 0.357421875 0.15104166666666666 0.10078125 0.14166666666666666
0 0.40742187500000004 0.27708333333333335 0.10859375 0.13333333333333333
0 0.7328125000000001 0.04895833333333333 0.0921875 0.09583333333333333
0 0.8203125 0.03958333333333333 0.096875 0.07708333333333334
0 0.8921875 0.5890625 0.09375 0.128125
0 0.353125 0.6541666666666667 0.11406250000000001 0.14583333333333334
0 0.26601562500000003 0.8947916666666667 0.08359375000000001 0.10833333333333334
0 0.31640625 0.946875 0.1 0.09166666666666666
0 0.022265625 0.6567708333333333 0.04296875 0.09479166666666666
