0 0.26171875 0.06822916666666666 0.11875000000000001 0.134375
0 0.09765625 0.025 0.037500000000000006 0.04375
0 0.32265625000000003 0.14947916666666666 0.09375 0.11562499999999999
0 0.246484375 0.20833333333333334 0.03828125 0.05416666666666667
0 0.19843750000000002 0.24270833333333333 0.034375 0.04375
0 0.319921875 0.25625 0.04453125 0.06041666666666667
0 0.505078125 0.1140625 0.07109375 0.14270833333333333
0 0.6578125 0.11822916666666666 0.1203125 0.159375
0 0.7292968750000001 0.078125 0.08984375 0.15416666666666667
0 0.796484375 0.06041666666666667 0.05078125 0.10833333333333334
0 0.9011718750000001 0.2890625 0.05078125 0.07395833333333333
0 0.8660156250000001 0.3203125 0.04609375 0.06354166666666666
0 0.955078125 0.5786458333333333 0.07890625000000001 0.13020833333333334
0 0.7664062500000001 0.7229166666666667 0.10625000000000001 0.13125
0 0.8519531250000001 0.7145833333333333 0.07734375 0.13958333333333334
0 0.693359375 0.8270833333333333 0.09296875 0.11458333333333333
0 0.612890625 0.7755208333333333 0.08671875000000001 0.11979166666666667
0 0.59921875 0.590625 0.1046875 0.14791666666666667
0 0.520703125 0.6770833333333334 0.10546875 0.1375
0 0.451953125 0.7677083333333333 0.10234375000000001 0.12708333333333333
0 0.49296875 0.9645833333333333 0.0578125 0.05625
0 0.8890625000000001 0.9645833333333333 0.0921875 0.07083333333333333
0 0.326171875 0.6963541666666666 0.08671875000000001 0.121875
0 0.36328125 0.7661458333333333 0.08281250000000001 0.09895833333333333
0 0.1875 0.7625 0.08125 0.10625
0 0.23164062500000002 0.5765625 0.08203125 0.10729166666666666
0 0.30781250000000004 0.5635416666666666 0.06875 0.125
0 0.050390625 0.7302083333333333 0.07578125000000001 0.09791666666666667
0 0.07968750000000001 0.3765625 0.045312500000000006 0.046875
0 0.117578125 0.28489583333333335 0.04296875 0.057291666666666664
0 0.548046875 0.2973958333333333 0.04609375 0.06770833333333333
0 0.676953125 0.2520833333333333 0.041406250000000006 0.05625
0 0.1703125 0.22083333333333333 0.034375 0.05
