0 0.234375 0.2828125 0.1015625 0.14895833333333333
0 0.334765625 0.26197916666666665 0.10546875 0.14270833333333333
0 0.1875 0.10416666666666667 0.078125 0.13541666666666666
0 0.7054687500000001 0.178125 0.053125000000000006 0.06458333333333333
0 0.8324218750000001 0.6098958333333333 0.08046875 0.11354166666666667
0 0.70859375 0.7020833333333333 0.07500000000000001 0.09583333333333333
0 0.6578125 0.7296875 0.08125 0.10520833333333333
0 0.8640625000000001 0.7760416666666666 0.08750000000000001 0.12291666666666666
0 0.9515625000000001 0.7864583333333334 0.078125 0.11875
0 0.7117187500000001 0.834375 0.07500000000000001 0.09791666666666667
0 0.5750000000000001 0.4458333333333333 0.045312500000000006 0.05625
0 0.521875 0.6166666666666667 0.040625 0.058333333333333334
0 0.464453125 0.25104166666666666 0.02734375 0.0375
0 0.504296875 0.228125 0.02421875 0.03333333333333333
0 0.30625 0.5182291666666666 0.09375 0.11770833333333333
0 0.34296875000000004 0.4041666666666667 0.096875 0.1125
0 0.059375000000000004 0.075 0.0421875 0.04583333333333333
0 0.022656250000000003 0.11458333333333333 0.043750000000000004 0.04583333333333333
0 0.176171875 0.39427083333333335 0.08515625 0.11979166666666667
