0 0.32460937500000003 0.20520833333333333 0.10078125 0.12291666666666666
0 0.494921875 0.14739583333333334 0.10859375 0.13645833333333332
0 0.373828125 0.04583333333333333 0.10078125 0.08958333333333333
0 0.515234375 0.41510416666666666 0.11796875000000001 0.11354166666666667
0 0.566796875 0.3520833333333333 0.08984375 0.1125
0 0.7699218750000001 0.5625 0.10703125000000001 0.1375
0 0.702734375 0.6932291666666667 0.08046875 0.121875
0 0.790234375 0.6666666666666666 0.10078125 0.09583333333333333
0 0.7609375 0.7848958333333333 0.0921875 0.13020833333333334
0 0.7015625000000001 0.8781249999999999 0.09375 0.1125
0 0.573828125 0.8937499999999999 0.08671875000000001 0.08333333333333333
0 0.26210937500000003 0.5755208333333334 0.10390625 0.10729166666666666
0 0.043359375000000006 0.6510416666666666 0.07734375 0.1125
