0 0.12578125 0.4119791666666667 0.07500000000000001 0.10104166666666667
0 0.06171875 0.4848958333333333 0.0671875 0.10104166666666667
0 0.38984375000000004 0.5791666666666666 0.05625 0.06875
0 0.51953125 0.5427083333333333 0.0734375 0.13125
0 0.591015625 0.5453125 0.07890625000000001 0.10520833333333333
0 0.7828125 0.6036458333333333 0.07187500000000001 0.096875
0 0.878125 0.628125 0.084375 0.12083333333333333
0 0.915625 0.3598958333333333 0.08281250000000001 0.14479166666666665
0 0.7722656250000001 0.8713541666666667 0.07421875 0.10520833333333333
0 0.630859375 0.8489583333333334 0.08046875 0.0875
0 0.5984375000000001 0.9734375 0.06875 0.04895833333333333
0 0.44257812500000004 0.4067708333333333 0.08203125 0.11562499999999999
0 0.37617187500000004 0.4901041666666667 0.047656250000000004 0.071875
0 0.187890625 0.38125 0.06796875000000001 0.09166666666666666
0 0.366796875 0.018229166666666668 0.07578125000000001 0.034375
0 0.71875 0.515625 0.065625 0.09583333333333333
