0 0.347265625 0.47604166666666664 0.07890625000000001 0.11458333333333333
0 0.48476562500000003 0.49895833333333334 0.09921875000000001 0.13125
0 0.52265625 0.6255208333333333 0.07500000000000001 0.103125
0 0.547265625 0.7427083333333333 0.08671875000000001 0.10416666666666667
0 0.778515625 0.6442708333333333 0.08046875 0.09270833333333334
0 0.736328125 0.7744791666666666 0.06796875000000001 0.08229166666666667
0 0.740234375 0.85625 0.06796875000000001 0.09791666666666667
0 0.684765625 0.8598958333333333 0.07890625000000001 0.09895833333333333
0 0.283984375 0.6770833333333334 0.08046875 0.08958333333333333
0 0.134375 0.353125 0.09062500000000001 0.12708333333333333
0 0.3296875 0.09947916666666666 0.08125 0.09895833333333333
0 0.7468750000000001 0.027083333333333334 0.0703125 0.052083333333333336
0 0.17929687500000002 0.9520833333333333 0.07734375 0.09583333333333333
0 0.37148437500000003 0.22916666666666666 0.02109375 0.027083333333333334
0 0.380859375 0.265625 0.022656250000000003 0.027083333333333334
0 0.517578125 0.2625 0.01640625 0.025
0 0.5078125 0.33125 0.026562500000000003 0.027083333333333334
