0 0.25234375000000003 0.2515625 0.109375 0.128125
0 0.40078125000000003 0.07083333333333333 0.125 0.13958333333333334
0 0.35664062500000004 0.6140625 0.07890625000000001 0.109375
0 0.302734375 0.7322916666666667 0.08046875 0.12083333333333333
0 0.31015625 0.8484375 0.09843750000000001 0.09895833333333333
0 0.1796875 0.7432291666666666 0.078125 0.11354166666666667
0 0.115234375 0.5786458333333333 0.06484375 0.10520833333333333
0 0.0484375 0.5770833333333333 0.0703125 0.125
0 0.7410156250000001 0.5453125 0.07421875 0.096875
0 0.817578125 0.5520833333333334 0.07734375 0.10625
0 0.88046875 0.5223958333333333 0.08750000000000001 0.11145833333333333
0 0.65546875 0.265625 0.0421875 0.06041666666666667
0 0.7152343750000001 0.2557291666666667 0.032031250000000004 0.03854166666666667
0 0.74375 0.11822916666666666 0.0484375 0.06145833333333333
0 0.805859375 0.8 0.08046875 0.10416666666666667
0 0.7375 0.7916666666666666 0.0671875 0.10208333333333333
0 0.704296875 0.6760416666666667 0.08203125 0.10208333333333333
0 0.45390625 0.5734375 0.045312500000000006 0.06354166666666666
0 0.59765625 0.1046875 0.0234375 0.03229166666666666
0 0.495703125 0.7354166666666666 0.022656250000000003 0.027083333333333334
0 0.55234375 0.6942708333333333 0.018750000000000003 0.030208333333333334
0 0.46015625000000004 0.7578125 0.0234375 0.026041666666666668
0 0.09765625 0.165625 0.021875000000000002 0.03125
0 0.07421875 0.12135416666666667 0.018750000000000003 0.02395833333333333
