0 0.20039062500000002 0.20625 0.09453125000000001 0.12916666666666665
0 0.35625 0.1421875 0.1046875 0.13854166666666667
0 0.240625 0.04895833333333333 0.11875000000000001 0.09583333333333333
0 0.136328125 0.5729166666666666 0.09453125000000001 0.10625
0 0.62890625 0.5604166666666667 0.11093750000000001 0.14166666666666666
0 0.5574218750000001 0.6947916666666667 0.09140625000000001 0.12083333333333333
0 0.6531250000000001 0.6630208333333333 0.0921875 0.11770833333333333
0 0.623046875 0.7817708333333333 0.10703125000000001 0.13229166666666667
0 0.56953125 0.8760416666666666 0.09062500000000001 0.125
0 0.6546875000000001 0.853125 0.096875 0.09375
0 0.455859375 0.9 0.08203125 0.11666666666666667
0 0.384765625 0.9354166666666667 0.08984375 0.09791666666666667
0 0.374609375 0.4192708333333333 0.11640625 0.11979166666666667
0 0.435546875 0.3458333333333333 0.08671875000000001 0.125
0 0.7660156250000001 0.9171874999999999 0.05390625 0.059375
