0 0.3015625 0.146875 0.08125 0.10833333333333334
0 0.5632812500000001 0.041666666666666664 0.037500000000000006 0.05416666666666667
0 0.597265625 0.03333333333333333 0.041406250000000006 0.052083333333333336
0 0.56484375 0.09791666666666667 0.035937500000000004 0.052083333333333336
0 0.63203125 0.4770833333333333 0.09062500000000001 0.12083333333333333
0 0.76875 0.5109375 0.06875 0.096875
0 0.694921875 0.5494791666666666 0.06953125 0.10520833333333333
0 0.5390625 0.5145833333333333 0.0765625 0.07916666666666666
0 0.43867187500000004 0.5 0.08671875000000001 0.10625
0 0.501171875 0.5802083333333333 0.07578125000000001 0.08958333333333333
0 0.51796875 0.646875 0.065625 0.07708333333333334
0 0.4140625 0.6515625 0.065625 0.084375
0 0.259765625 0.7734375 0.07421875 0.08854166666666667
0 0.22187500000000002 0.3494791666666667 0.07187500000000001 0.06770833333333333
0 0.3375 0.35052083333333334 0.08281250000000001 0.109375
0 0.39882812500000003 0.28489583333333335 0.08515625 0.12395833333333334
0 0.8167968750000001 0.019791666666666666 0.02421875 0.022916666666666665
0 0.0234375 0.40208333333333335 0.045312500000000006 0.09166666666666666
0 0.7621093750000001 0.9661458333333334 0.07578125000000001 0.06354166666666666
