0 0.12578125 0.575 0.060937500000000006 0.08541666666666667
0 0.225390625 0.5364583333333334 0.07265625 0.09375
0 0.34687500000000004 0.5317708333333333 0.0625 0.08645833333333333
0 0.572265625 0.6130208333333333 0.04609375 0.05520833333333333
0 0.6820312500000001 0.6078125 0.0703125 0.10729166666666666
0 0.7367187500000001 0.6041666666666666 0.0765625 0.11458333333333333
0 0.8187500000000001 0.5505208333333333 0.08281250000000001 0.11562499999999999
0 0.89609375 0.5432291666666667 0.0671875 0.09895833333333333
0 0.955078125 0.5671875 0.07421875 0.103125
0 0.865234375 0.653125 0.08671875000000001 0.09583333333333333
0 0.794140625 0.6723958333333333 0.07109375 0.08645833333333333
0 0.9714843750000001 0.9380208333333333 0.057031250000000006 0.078125
0 0.692578125 0.8822916666666667 0.06640625 0.07083333333333333
0 0.5046875000000001 0.8125 0.0390625 0.05416666666666667
0 0.46484375 0.8958333333333334 0.0859375 0.10833333333333334
0 0.343359375 0.8057291666666666 0.08671875000000001 0.121875
0 0.34609375000000003 0.9354166666666667 0.0421875 0.058333333333333334
0 0.46718750000000003 0.3572916666666667 0.08750000000000001 0.11666666666666667
0 0.5281250000000001 0.29635416666666664 0.09375 0.121875
0 0.6976562500000001 0.2755208333333333 0.0546875 0.057291666666666664
0 0.8109375000000001 0.19114583333333332 0.0421875 0.057291666666666664
0 0.690625 0.2296875 0.046875 0.059375
0 0.7214843750000001 0.20416666666666666 0.05234375 0.05
0 0.7171875000000001 0.1453125 0.0390625 0.05520833333333333
0 0.68359375 0.1640625 0.043750000000000004 0.05520833333333333
0 0.6902343750000001 0.08177083333333333 0.04296875 0.04895833333333333
0 0.47500000000000003 0.17447916666666666 0.0921875 0.128125
0 0.4296875 0.23385416666666667 0.0890625 0.13020833333333334
0 0.2984375 0.2203125 0.043750000000000004 0.04479166666666667
0 0.23007812500000002 0.015625 0.03828125 0.029166666666666667
0 0.0390625 0.5713541666666666 0.034375 0.053125
