0 0.02109375 0.6614583333333334 0.040625 0.10625
0 0.16562500000000002 0.5515625 0.0859375 0.11979166666666667
0 0.350390625 0.6510416666666666 0.11328125 0.13541666666666666
0 0.263671875 0.8927083333333333 0.07578125000000001 0.10833333333333334
0 0.319140625 0.94375 0.08828125 0.1
0 0.896484375 0.5953125 0.09296875 0.128125
0 0.8210937500000001 0.0453125 0.09531250000000001 0.08854166666666667
0 0.735546875 0.050520833333333334 0.08984375 0.09895833333333333
0 0.9546875 0.1390625 0.078125 0.11770833333333333
0 0.40742187500000004 0.28072916666666664 0.11171875 0.134375
0 0.35625 0.1484375 0.10625000000000001 0.13645833333333332
0 0.25390625 0.23906249999999998 0.1 0.13020833333333334
0 0.127734375 0.3645833333333333 0.10078125 0.11875
0 0.32734375000000004 0.7625 0.08125 0.10208333333333333
