0 0.128515625 0.5203125 0.09609375 0.121875
0 0.059765625 0.6661458333333333 0.09140625000000001 0.09895833333333333
0 0.244140625 0.615625 0.08984375 0.11041666666666666
0 0.541015625 0.6979166666666666 0.08671875000000001 0.13125
0 0.495703125 0.8057291666666666 0.10234375000000001 0.109375
0 0.49375 0.9088541666666666 0.1015625 0.10729166666666666
0 0.702734375 0.6536458333333334 0.09765625 0.13020833333333334
0 0.888671875 0.5697916666666667 0.10078125 0.12291666666666666
0 0.9558593750000001 0.2140625 0.07890625000000001 0.121875
0 0.125 0.29635416666666664 0.09375 0.11354166666666667
0 0.15781250000000002 0.1515625 0.0765625 0.10729166666666666
0 0.28828125 0.22604166666666667 0.043750000000000004 0.06041666666666667
