0 0.1796875 0.22604166666666667 0.1203125 0.17083333333333334
0 0.598046875 0.09947916666666666 0.08984375 0.11770833333333333
0 0.779296875 0.08333333333333333 0.08515625 0.09166666666666666
0 0.8601562500000001 0.0703125 0.0765625 0.109375
0 0.18710937500000002 0.7151041666666667 0.08671875000000001 0.09270833333333334
0 0.573828125 0.6838541666666667 0.09765625 0.11354166666666667
0 0.6902343750000001 0.7078125 0.10703125000000001 0.134375
0 0.587890625 0.9625 0.08828125 0.075
0 0.6671875 0.9640624999999999 0.06406250000000001 0.05520833333333333
0 0.8828125 0.9661458333333334 0.028125 0.03229166666666666
