0 0.28828125 0.2864583333333333 0.09375 0.12916666666666665
0 0.36835937500000004 0.25885416666666666 0.09140625000000001 0.11354166666666667
0 0.44648437500000004 0.090625 0.08515625 0.11666666666666667
0 0.611328125 0.058854166666666666 0.10390625 0.11145833333333333
0 0.5390625 0.09739583333333333 0.08281250000000001 0.10104166666666667
0 0.417578125 0.665625 0.08828125 0.1125
0 0.328125 0.740625 0.1015625 0.11875
0 0.5144531250000001 0.8098958333333334 0.08359375000000001 0.128125
0 0.19921875 0.6494791666666666 0.1 0.12395833333333334
0 0.06484375 0.8567708333333334 0.08750000000000001 0.11979166666666667
0 0.13515625 0.85625 0.0671875 0.11875
0 0.271484375 0.9020833333333333 0.09453125000000001 0.11875
0 0.46210937500000004 0.8145833333333333 0.08203125 0.11666666666666667
0 0.40273437500000003 0.34375 0.03828125 0.05
0 0.46015625000000004 0.2515625 0.037500000000000006 0.059375
0 0.43125 0.22760416666666666 0.040625 0.053125
0 0.509375 0.1875 0.035937500000000004 0.04791666666666666
0 0.548046875 0.21354166666666666 0.04609375 0.05625
0 0.595703125 0.17604166666666665 0.03828125 0.052083333333333336
0 0.6371093750000001 0.18333333333333332 0.041406250000000006 0.058333333333333334
0 0.6804687500000001 0.23333333333333334 0.0421875 0.058333333333333334
0 0.7332031250000001 0.20625 0.041406250000000006 0.05416666666666667
0 0.7523437500000001 0.1421875 0.021875000000000002 0.030208333333333334
0 0.685546875 0.128125 0.04609375 0.035416666666666666
0 0.696875 0.30104166666666665 0.043750000000000004 0.05
0 0.887890625 0.2828125 0.04609375 0.05520833333333333
0 0.9496093750000001 0.5354166666666667 0.07421875 0.09583333333333333
0 0.9070312500000001 0.7265625 0.0765625 0.109375
0 0.796484375 0.6984375 0.07265625 0.10729166666666666
0 0.74765625 0.7953125 0.0921875 0.11770833333333333
0 0.642578125 0.71875 0.08359375000000001 0.09583333333333333
0 0.6761718750000001 0.603125 0.07734375 0.09166666666666666
0 0.08945312500000001 0.6854166666666667 0.06796875000000001 0.12916666666666665
0 0.08984375 0.46041666666666664 0.07500000000000001 0.1
0 0.554296875 0.9104166666666667 0.032031250000000004 0.05
0 0.369921875 0.04739583333333333 0.055468750000000004 0.09270833333333334
