0 0.11640625 0.5583333333333333 0.065625 0.0875
0 0.253125 0.5416666666666666 0.0703125 0.10625
0 0.2109375 0.5770833333333333 0.07187500000000001 0.10625
0 0.178515625 0.8135416666666666 0.07890625000000001 0.10208333333333333
0 0.13046875 0.7984375 0.05 0.08020833333333333
0 0.10117187500000001 0.6869791666666667 0.06796875000000001 0.109375
0 0.929296875 0.7140625 0.08515625 0.134375
0 0.8929687500000001 0.4630208333333333 0.1 0.11979166666666667
0 0.732421875 0.4796875 0.08828125 0.11770833333333333
0 0.6644531250000001 0.43645833333333334 0.06484375 0.11875
0 0.91015625 0.26145833333333335 0.046875 0.07916666666666666
0 0.401171875 0.24427083333333333 0.04453125 0.05520833333333333
0 0.36953125000000003 0.2703125 0.046875 0.053125
0 0.408984375 0.3359375 0.04296875 0.04895833333333333
0 0.39101562500000003 0.9526041666666667 0.01953125 0.026041666666666668
0 0.269140625 0.8838541666666666 0.02109375 0.026041666666666668
0 0.425390625 0.050520833333333334 0.04296875 0.046875
0 0.41796875 0.11979166666666667 0.037500000000000006 0.04375
0 0.9167968750000001 0.8182291666666667 0.06796875000000001 0.08229166666666667
0 0.7683593750000001 0.16302083333333334 0.02421875 0.026041666666666668
0 0.8265625000000001 0.2895833333333333 0.0703125 0.10416666666666667
