0 0.234765625 0.2791666666666667 0.10078125 0.14166666666666666
0 0.333984375 0.259375 0.10703125000000001 0.14166666666666666
0 0.194140625 0.1015625 0.08828125 0.128125
0 0.057421875000000004 0.07135416666666666 0.04453125 0.046875
0 0.019921875000000002 0.11666666666666667 0.03671875 0.04791666666666666
0 0.30117187500000003 0.5140625 0.10234375000000001 0.11562499999999999
0 0.7109375 0.7197916666666666 0.08750000000000001 0.12083333333333333
0 0.833984375 0.6166666666666667 0.09140625000000001 0.11875
0 0.8625 0.7802083333333333 0.096875 0.13125
0 0.9480468750000001 0.7875 0.07421875 0.11666666666666667
0 0.7109375 0.8385416666666666 0.0765625 0.10833333333333334
0 0.519921875 0.6145833333333334 0.03828125 0.05416666666666667
0 0.573828125 0.44635416666666666 0.04296875 0.059375
0 0.465625 0.2515625 0.028125 0.042708333333333334
0 0.708984375 0.17395833333333333 0.06171875 0.075
0 0.34414062500000003 0.41354166666666664 0.08515625 0.11458333333333333
0 0.17539062500000002 0.39166666666666666 0.07890625000000001 0.1
