0 0.31367187500000004 0.1875 0.08515625 0.11666666666666667
0 0.859375 0.09479166666666666 0.084375 0.10833333333333334
0 0.7859375000000001 0.278125 0.07187500000000001 0.1
0 0.7816406250000001 0.5723958333333333 0.07421875 0.11979166666666667
0 0.8921875 0.6390625 0.0734375 0.10729166666666666
0 0.9066406250000001 0.746875 0.049218750000000006 0.06041666666666667
0 0.8500000000000001 0.6682291666666667 0.0578125 0.07604166666666666
0 0.38710937500000003 0.615625 0.08203125 0.1125
0 0.15703125 0.6416666666666666 0.08281250000000001 0.11041666666666666
0 0.10390625 0.6744791666666666 0.0765625 0.09270833333333334
0 0.18906250000000002 0.465625 0.07187500000000001 0.09166666666666666
0 0.650390625 0.096875 0.07421875 0.09791666666666667
0 0.697265625 0.044270833333333336 0.07890625000000001 0.08020833333333333
0 0.6179687500000001 0.12552083333333333 0.05 0.08645833333333333
0 0.66171875 0.35520833333333335 0.0171875 0.025
0 0.634765625 0.35052083333333334 0.01640625 0.030208333333333334
0 0.421875 0.196875 0.026562500000000003 0.027083333333333334
0 0.46640625 0.057291666666666664 0.0203125 0.025
0 0.37265625 0.08020833333333333 0.0171875 0.027083333333333334
0 0.268359375 0.2817708333333333 0.04296875 0.05520833333333333
0 0.7386718750000001 0.2734375 0.05078125 0.10104166666666667
0 0.586328125 0.8130208333333333 0.022656250000000003 0.030208333333333334
0 0.42812500000000003 0.7864583333333334 0.0234375 0.027083333333333334
0 0.39921875 0.7828125 0.025 0.026041666666666668
0 0.37890625 0.7708333333333334 0.0203125 0.029166666666666667
0 0.6175781250000001 0.834375 0.022656250000000003 0.029166666666666667
