0 0.177734375 0.8125 0.08046875 0.11041666666666666
0 0.12890625 0.7916666666666666 0.045312500000000006 0.09375
0 0.09843750000000001 0.6848958333333334 0.065625 0.096875
0 0.25039062500000003 0.5338541666666666 0.07265625 0.09895833333333333
0 0.21210937500000002 0.5729166666666666 0.06953125 0.10208333333333333
0 0.114453125 0.559375 0.06953125 0.0875
0 0.294921875 0.5473958333333333 0.03515625 0.053125
0 0.24726562500000002 0.8765625 0.03671875 0.03854166666666667
0 0.39101562500000003 0.9526041666666667 0.02109375 0.028125
0 0.7308593750000001 0.48541666666666666 0.08515625 0.11875
0 0.6667968750000001 0.4317708333333333 0.06484375 0.109375
0 0.8914062500000001 0.46458333333333335 0.084375 0.12708333333333333
0 0.933203125 0.7151041666666667 0.08671875000000001 0.140625
0 0.8171875000000001 0.5942708333333333 0.021875000000000002 0.030208333333333334
0 0.71640625 0.6213541666666667 0.0140625 0.021875
0 0.36875 0.26458333333333334 0.040625 0.04791666666666666
0 0.40468750000000003 0.3385416666666667 0.0421875 0.052083333333333336
0 0.39960937500000004 0.24479166666666666 0.041406250000000006 0.06041666666666667
0 0.416796875 0.11875 0.03359375 0.03958333333333333
0 0.42226562500000003 0.0515625 0.04453125 0.051041666666666666
0 0.915234375 0.8140625 0.06953125 0.078125
