0 0.1125 0.2046875 0.0921875 0.11979166666666667
0 0.05234375 0.20052083333333334 0.060937500000000006 0.11145833333333333
0 0.21601562500000002 0.09427083333333333 0.09296875 0.13229166666666667
0 0.47421875 0.034375 0.05625 0.06666666666666667
0 0.374609375 0.2505208333333333 0.039843750000000004 0.057291666666666664
0 0.32539062500000004 0.10625 0.06015625 0.10833333333333334
0 0.42734375 0.24479166666666666 0.037500000000000006 0.05625
0 0.46210937500000004 0.22447916666666667 0.04609375 0.06145833333333333
0 0.49140625000000004 0.3677083333333333 0.040625 0.05625
0 0.25625000000000003 0.6796875 0.08281250000000001 0.11979166666666667
0 0.20234375000000002 0.675 0.0578125 0.1125
0 0.068359375 0.6895833333333333 0.07265625 0.12083333333333333
0 0.33359375 0.7598958333333333 0.0703125 0.09270833333333334
0 0.26328125 0.7859375 0.078125 0.08645833333333333
0 0.23789062500000002 0.85625 0.07890625000000001 0.09791666666666667
0 0.16796875 0.8755208333333333 0.0578125 0.08645833333333333
0 0.403125 0.9119791666666667 0.07968750000000001 0.09270833333333334
0 0.59140625 0.7515625 0.078125 0.109375
0 0.6605468750000001 0.7114583333333333 0.07421875 0.10833333333333334
0 0.909765625 0.5416666666666666 0.07890625000000001 0.1
0 0.9359375000000001 0.8713541666666667 0.0703125 0.09895833333333333
0 0.7375 0.9619791666666666 0.040625 0.059375
0 0.6421875 0.2484375 0.040625 0.05520833333333333
0 0.6257812500000001 0.3182291666666667 0.034375 0.051041666666666666
