0 0.27734375 0.4223958333333333 0.08750000000000001 0.10520833333333333
0 0.45820312500000004 0.036458333333333336 0.08671875000000001 0.07083333333333333
0 0.6390625000000001 0.1921875 0.043750000000000004 0.05520833333333333
0 0.43828125 0.4515625 0.09062500000000001 0.11770833333333333
0 0.46640625 0.5125 0.096875 0.10833333333333334
0 0.556640625 0.5072916666666667 0.08046875 0.08541666666666667
0 0.712890625 0.5390625 0.08046875 0.109375
0 0.7957031250000001 0.5713541666666666 0.08984375 0.10104166666666667
0 0.558203125 0.26510416666666664 0.05234375 0.059375
0 0.156640625 0.5713541666666666 0.09765625 0.109375
0 0.8503906250000001 0.8109375 0.07890625000000001 0.10520833333333333
0 0.42109375000000004 0.6567708333333333 0.0765625 0.09895833333333333
0 0.15546875000000002 0.22864583333333333 0.05 0.08020833333333333
0 0.265625 0.2015625 0.053125000000000006 0.057291666666666664
