0 0.20468750000000002 0.2791666666666667 0.035937500000000004 0.05
0 0.284765625 0.17447916666666666 0.04453125 0.05520833333333333
0 0.3453125 0.041666666666666664 0.084375 0.07708333333333334
0 0.26015625000000003 0.043229166666666666 0.08750000000000001 0.07604166666666666
0 0.5007812500000001 0.2661458333333333 0.045312500000000006 0.059375
0 0.4609375 0.29635416666666664 0.025 0.034375
0 0.6335937500000001 0.20625 0.0203125 0.029166666666666667
0 0.653515625 0.22239583333333332 0.022656250000000003 0.028125
0 0.6996093750000001 0.5286458333333334 0.08515625 0.11354166666666667
0 0.5105468750000001 0.6994791666666667 0.09140625000000001 0.13229166666666667
0 0.6492187500000001 0.7067708333333333 0.09062500000000001 0.121875
0 0.283203125 0.6510416666666666 0.08359375000000001 0.11041666666666666
0 0.894140625 0.5427083333333333 0.08984375 0.12916666666666665
0 0.899609375 0.4010416666666667 0.09609375 0.11666666666666667
0 0.716015625 0.6572916666666666 0.06796875000000001 0.10208333333333333
0 0.42109375000000004 0.7161458333333334 0.0734375 0.11562499999999999
0 0.18359375 0.6697916666666667 0.09062500000000001 0.10416666666666667
0 0.013671875 0.740625 0.02421875 0.09791666666666667
0 0.33125000000000004 0.3776041666666667 0.018750000000000003 0.03229166666666666
0 0.237109375 0.18229166666666666 0.05078125 0.06666666666666667
0 0.25546875 0.2625 0.034375 0.03333333333333333
