0 0.526953125 0.2973958333333333 0.08984375 0.12604166666666666
0 0.46601562500000004 0.3520833333333333 0.08828125 0.10625
0 0.476171875 0.1703125 0.09140625000000001 0.121875
0 0.432421875 0.234375 0.08828125 0.12291666666666666
0 0.691015625 0.2296875 0.04296875 0.053125
0 0.698828125 0.28020833333333334 0.05078125 0.05625
0 0.808203125 0.190625 0.04453125 0.06041666666666667
0 0.722265625 0.20260416666666667 0.047656250000000004 0.053125
0 0.68359375 0.1640625 0.040625 0.053125
0 0.720703125 0.14635416666666667 0.039843750000000004 0.057291666666666664
0 0.6937500000000001 0.07916666666666666 0.045312500000000006 0.04583333333333333
0 0.575390625 0.0640625 0.03828125 0.046875
0 0.8250000000000001 0.5520833333333334 0.08281250000000001 0.1125
0 0.89609375 0.5411458333333333 0.07968750000000001 0.096875
0 0.7464843750000001 0.6109375 0.07734375 0.11354166666666667
0 0.790625 0.6765625 0.059375000000000004 0.10104166666666667
0 0.679296875 0.6088541666666667 0.06796875000000001 0.10520833333333333
0 0.56953125 0.6119791666666666 0.040625 0.053125
0 0.501171875 0.8145833333333333 0.049218750000000006 0.06041666666666667
0 0.464453125 0.9 0.08515625 0.11458333333333333
0 0.693359375 0.8864583333333333 0.06484375 0.08333333333333333
0 0.342578125 0.8067708333333333 0.08828125 0.12395833333333334
0 0.3453125 0.5317708333333333 0.0625 0.090625
0 0.224609375 0.540625 0.06640625 0.09166666666666666
0 0.2984375 0.22291666666666665 0.0390625 0.05
0 0.9734375000000001 0.9395833333333333 0.053125000000000006 0.10208333333333333
