0 0.0578125 0.12343749999999999 0.08125 0.103125
0 0.09335937500000001 0.3026041666666667 0.07734375 0.09270833333333334
0 0.34687500000000004 0.17916666666666667 0.07187500000000001 0.09791666666666667
0 0.480078125 0.14322916666666666 0.07578125000000001 0.109375
0 0.540625 0.14114583333333333 0.05625 0.090625
0 0.6628906250000001 0.1171875 0.06953125 0.09479166666666666
0 0.6937500000000001 0.21822916666666667 0.06406250000000001 0.090625
0 0.8304687500000001 0.20364583333333333 0.0421875 0.06145833333333333
0 0.77890625 0.2708333333333333 0.053125000000000006 0.07291666666666667
0 0.923046875 0.42604166666666665 0.06484375 0.09375
0 0.9144531250000001 0.6119791666666666 0.06953125 0.09270833333333334
0 0.935546875 0.6630208333333333 0.06015625 0.08020833333333333
0 0.790234375 0.671875 0.06328125 0.0875
0 0.73203125 0.6109375 0.0734375 0.109375
0 0.6605468750000001 0.5911458333333334 0.07421875 0.103125
0 0.5281250000000001 0.5119791666666667 0.078125 0.10520833333333333
0 0.58125 0.41875 0.0734375 0.1125
0 0.543359375 0.6083333333333333 0.07265625 0.075
0 0.496875 0.8119791666666667 0.065625 0.08645833333333333
0 0.39492187500000003 0.5421875 0.05859375 0.057291666666666664
0 0.191796875 0.6578125 0.06953125 0.09270833333333334
0 0.17734375000000002 0.7005208333333334 0.0671875 0.06770833333333333
0 0.08945312500000001 0.5848958333333333 0.07265625 0.09479166666666666
0 0.201953125 0.065625 0.06328125 0.08958333333333333
0 0.246875 0.634375 0.0546875 0.09791666666666667
0 0.331640625 0.6239583333333333 0.017968750000000002 0.022916666666666665
0 0.30546875 0.6338541666666666 0.018750000000000003 0.026041666666666668
0 0.09843750000000001 0.8125 0.0203125 0.022916666666666665
0 0.132421875 0.8286458333333333 0.017968750000000002 0.02395833333333333
0 0.12812500000000002 0.8822916666666667 0.018750000000000003 0.01875
0 0.11679687500000001 0.9427083333333334 0.02734375 0.027083333333333334
0 0.259375 0.2552083333333333 0.035937500000000004 0.05
0 0.209765625 0.18541666666666667 0.02109375 0.022916666666666665
0 0.291015625 0.1171875 0.01640625 0.026041666666666668
0 0.27265625 0.11458333333333333 0.018750000000000003 0.027083333333333334
