0 0.353125 0.16458333333333333 0.08281250000000001 0.10416666666666667
0 0.29335937500000003 0.16145833333333334 0.07265625 0.10625
0 0.29531250000000003 0.052083333333333336 0.08125 0.09583333333333333
0 0.171875 0.06770833333333333 0.109375 0.11458333333333333
0 0.08945312500000001 0.6354166666666666 0.08203125 0.11458333333333333
0 0.087890625 0.7526041666666666 0.08046875 0.09895833333333333
0 0.029296875 0.6786458333333333 0.057031250000000006 0.11354166666666667
0 0.519921875 0.7411458333333333 0.09140625000000001 0.13020833333333334
0 0.6042968750000001 0.7036458333333333 0.08984375 0.121875
0 0.60859375 0.27708333333333335 0.043750000000000004 0.06666666666666667
0 0.7332031250000001 0.019791666666666666 0.11484375000000001 0.0375
0 0.9515625000000001 0.0375 0.0859375 0.07291666666666667
0 0.9636718750000001 0.5463541666666667 0.07265625 0.134375
0 0.9703125 0.7171875 0.059375000000000004 0.12395833333333334
0 0.853515625 0.696875 0.08046875 0.10416666666666667
0 0.24140625000000002 0.9546875 0.07187500000000001 0.06770833333333333
0 0.700390625 0.9328124999999999 0.039843750000000004 0.053125
