0 0.162109375 0.2760416666666667 0.05078125 0.058333333333333334
0 0.037500000000000006 0.5197916666666667 0.0734375 0.12708333333333333
0 0.12734375 0.5026041666666666 0.10312500000000001 0.12604166666666666
0 0.166015625 0.6125 0.09609375 0.12291666666666666
0 0.215234375 0.5114583333333333 0.09453125000000001 0.13333333333333333
0 0.2265625 0.3692708333333333 0.09843750000000001 0.10520833333333333
0 0.29921875000000003 0.428125 0.096875 0.13333333333333333
0 0.491015625 0.45 0.08203125 0.11458333333333333
0 0.6046875 0.6130208333333333 0.0734375 0.096875
0 0.6671875 0.5369791666666667 0.0703125 0.121875
0 0.735546875 0.571875 0.07421875 0.1125
0 0.7578125 0.4765625 0.0703125 0.11145833333333333
