0 0.353125 0.10625 0.09531250000000001 0.10208333333333333
0 0.520703125 0.5208333333333334 0.08203125 0.10833333333333334
0 0.607421875 0.5328125 0.08828125 0.11770833333333333
0 0.810546875 0.43124999999999997 0.08359375000000001 0.1
0 0.9593750000000001 0.5104166666666666 0.07500000000000001 0.12708333333333333
0 0.931640625 0.1515625 0.03828125 0.057291666666666664
0 0.62109375 0.96875 0.09375 0.0625
0 0.8031250000000001 0.9578125 0.084375 0.084375
0 0.1125 0.4890625 0.0765625 0.10520833333333333
0 0.05 0.5078125 0.0625 0.11145833333333333
0 0.178515625 0.3932291666666667 0.08984375 0.06979166666666667
