0 0.251953125 0.18229166666666666 0.039843750000000004 0.04791666666666666
0 0.444921875 0.14635416666666667 0.08828125 0.109375
0 0.494921875 0.20677083333333332 0.10234375000000001 0.09895833333333333
0 0.559765625 0.11927083333333333 0.09296875 0.109375
0 0.419921875 0.58125 0.09921875000000001 0.12083333333333333
0 0.8125 0.6953125 0.09375 0.10729166666666666
0 0.926953125 0.746875 0.08203125 0.12083333333333333
0 0.634765625 0.7807291666666667 0.09140625000000001 0.103125
0 0.59375 0.6932291666666667 0.10312500000000001 0.11145833333333333
0 0.47304687500000003 0.7541666666666667 0.09140625000000001 0.10416666666666667
0 0.36875 0.8932291666666666 0.08750000000000001 0.11145833333333333
0 0.333984375 0.4380208333333333 0.049218750000000006 0.08020833333333333
0 0.12382812500000001 0.5963541666666666 0.08828125 0.109375
0 0.10312500000000001 0.50625 0.08125 0.09375
0 0.940625 0.428125 0.07968750000000001 0.10416666666666667
0 0.603125 0.46249999999999997 0.0578125 0.06458333333333333
0 0.07695312500000001 0.80625 0.08984375 0.10208333333333333
0 0.146484375 0.94375 0.08203125 0.08333333333333333
