0 0.10390625 0.2989583333333333 0.043750000000000004 0.05416666666666667
0 0.15742187500000002 0.2947916666666667 0.041406250000000006 0.052083333333333336
0 0.19062500000000002 0.2760416666666667 0.053125000000000006 0.06666666666666667
0 0.21796875000000002 0.14427083333333332 0.037500000000000006 0.04479166666666667
0 0.5437500000000001 0.3078125 0.1046875 0.12604166666666666
0 0.47773437500000004 0.48593749999999997 0.11015625000000001 0.12604166666666666
0 0.342578125 0.5057291666666667 0.10703125000000001 0.13229166666666667
0 0.28359375000000003 0.4609375 0.06875 0.11354166666666667
0 0.79453125 0.675 0.096875 0.13541666666666666
0 0.75 0.7015625 0.08281250000000001 0.11979166666666667
0 0.5691406250000001 0.7494791666666667 0.11328125 0.14479166666666665
0 0.5769531250000001 0.85 0.09609375 0.09791666666666667
0 0.566015625 0.10208333333333333 0.030468750000000003 0.04375
