0 0.19882812500000002 0.09166666666666666 0.08984375 0.11875
0 0.057421875000000004 0.07239583333333333 0.032031250000000004 0.042708333333333334
0 0.0234375 0.1140625 0.035937500000000004 0.04479166666666667
0 0.234765625 0.2817708333333333 0.09765625 0.146875
0 0.3328125 0.25677083333333334 0.1078125 0.12604166666666666
0 0.29726562500000003 0.3463541666666667 0.08671875000000001 0.084375
0 0.34101562500000004 0.4125 0.09921875000000001 0.11041666666666666
0 0.30585937500000004 0.5192708333333333 0.09609375 0.11979166666666667
0 0.172265625 0.39375 0.08671875000000001 0.10625
0 0.091015625 0.44375 0.09296875 0.11458333333333333
0 0.06601562500000001 0.6489583333333333 0.06953125 0.08541666666666667
0 0.7132812500000001 0.7083333333333334 0.07500000000000001 0.10833333333333334
0 0.833203125 0.6213541666666667 0.08203125 0.121875
0 0.9613281250000001 0.4791666666666667 0.07265625 0.11875
0 0.8675781250000001 0.7786458333333334 0.08671875000000001 0.128125
0 0.946875 0.7854166666666667 0.08125 0.11666666666666667
0 0.9109375000000001 0.8661458333333333 0.07500000000000001 0.08645833333333333
0 0.9765625 0.91875 0.037500000000000006 0.1
0 0.712890625 0.8421875 0.07890625000000001 0.109375
0 0.6507812500000001 0.7359375 0.0546875 0.10729166666666666
0 0.5222656250000001 0.6119791666666666 0.04453125 0.059375
0 0.573828125 0.44427083333333334 0.047656250000000004 0.059375
0 0.4765625 0.5161458333333333 0.0890625 0.12395833333333334
0 0.7019531250000001 0.171875 0.05234375 0.058333333333333334
0 0.9109375000000001 0.0375 0.08125 0.07083333333333333
0 0.5734375 0.027604166666666666 0.09375 0.053125
0 0.464453125 0.2515625 0.02421875 0.03229166666666666
