0 0.219140625 0.5723958333333333 0.07421875 0.09479166666666666
0 0.366796875 0.5442708333333334 0.07421875 0.096875
0 0.319921875 0.5916666666666667 0.08359375000000001 0.11666666666666667
0 0.20390625 0.70625 0.07500000000000001 0.11458333333333333
0 0.2890625 0.8338541666666667 0.078125 0.11354166666666667
0 0.23046875 0.8203125 0.0671875 0.08020833333333333
0 0.366015625 0.28125 0.041406250000000006 0.058333333333333334
0 0.42578125 0.2708333333333333 0.043750000000000004 0.06458333333333333
0 0.47421875 0.128125 0.035937500000000004 0.058333333333333334
0 0.784765625 0.440625 0.09296875 0.12708333333333333
0 0.843359375 0.4869791666666667 0.10078125 0.13645833333333332
0 0.10898437500000001 0.7328125 0.04453125 0.059375
