0 0.28359375000000003 0.23697916666666666 0.045312500000000006 0.06145833333333333
0 0.35390625000000003 0.20208333333333334 0.040625 0.052083333333333336
0 0.31679687500000003 0.20260416666666667 0.03828125 0.051041666666666666
0 0.571875 0.32760416666666664 0.05 0.06770833333333333
0 0.5398437500000001 0.3385416666666667 0.026562500000000003 0.058333333333333334
0 0.53671875 0.275 0.037500000000000006 0.05
0 0.6722656250000001 0.5640625 0.08671875000000001 0.12604166666666666
0 0.7449218750000001 0.6640625 0.09453125000000001 0.11145833333333333
0 0.81796875 0.5729166666666666 0.0921875 0.12291666666666666
0 0.8753906250000001 0.2708333333333333 0.10078125 0.13958333333333334
0 0.9558593750000001 0.08854166666666667 0.08203125 0.125
0 0.47265625 0.051041666666666666 0.11093750000000001 0.09583333333333333
0 0.353515625 0.033854166666666664 0.08984375 0.065625
0 0.041406250000000006 0.06302083333333333 0.07500000000000001 0.11354166666666667
0 0.115234375 0.7161458333333334 0.09296875 0.12604166666666666
0 0.030468750000000003 0.7552083333333334 0.059375000000000004 0.15416666666666667
0 0.24140625000000002 0.7041666666666666 0.09375 0.12083333333333333
0 0.34492187500000004 0.7598958333333333 0.09921875000000001 0.11562499999999999
0 0.4390625 0.865625 0.0890625 0.11041666666666666
0 0.45703125 0.7510416666666666 0.096875 0.1
0 0.6734375 0.7135416666666666 0.07968750000000001 0.12083333333333333
0 0.43359375 0.9609375 0.078125 0.06979166666666667
0 0.365234375 0.9317708333333333 0.08203125 0.11145833333333333
0 0.22382812500000002 0.19270833333333334 0.04296875 0.05416666666666667
0 0.217578125 0.15 0.03828125 0.035416666666666666
0 0.05390625 0.2765625 0.043750000000000004 0.05520833333333333
