0 0.154296875 0.23020833333333332 0.05234375 0.07708333333333334
0 0.463671875 0.0359375 0.09296875 0.06770833333333333
0 0.31484375000000003 0.025 0.0921875 0.04791666666666666
0 0.19492187500000002 0.028125 0.08515625 0.052083333333333336
0 0.2609375 0.19791666666666666 0.05 0.05416666666666667
0 0.6394531250000001 0.19479166666666667 0.04609375 0.0625
0 0.5609375 0.2671875 0.0578125 0.059375
0 0.44062500000000004 0.45 0.084375 0.11875
0 0.468359375 0.5130208333333334 0.08671875000000001 0.11770833333333333
0 0.551171875 0.5078125 0.08515625 0.090625
0 0.6125 0.5135416666666667 0.06875 0.08958333333333333
0 0.712890625 0.5369791666666667 0.07734375 0.109375
0 0.7957031250000001 0.5682291666666667 0.08828125 0.11770833333333333
0 0.8484375000000001 0.8072916666666666 0.07187500000000001 0.09791666666666667
0 0.421875 0.65625 0.07968750000000001 0.09583333333333333
0 0.156640625 0.571875 0.08984375 0.10208333333333333
0 0.27773437500000003 0.42343749999999997 0.08203125 0.11354166666666667
0 0.21250000000000002 0.3958333333333333 0.078125 0.08958333333333333
0 0.08984375 0.640625 0.08281250000000001 0.09791666666666667
0 0.040625 0.5223958333333333 0.07500000000000001 0.10729166666666666
0 0.073046875 0.9192708333333334 0.06796875000000001 0.059375
0 0.016015625000000002 0.8057291666666666 0.030468750000000003 0.07604166666666666
