0 0.2734375 0.22291666666666665 0.08750000000000001 0.11875
0 0.38203125000000004 0.184375 0.09062500000000001 0.10625
0 0.569921875 0.04791666666666666 0.10703125000000001 0.09375
0 0.51875 0.271875 0.1046875 0.13541666666666666
0 0.59765625 0.2484375 0.0890625 0.12395833333333334
0 0.41171875 0.3541666666666667 0.0921875 0.10416666666666667
0 0.4890625 0.5682291666666667 0.084375 0.11145833333333333
0 0.43046875 0.5854166666666667 0.060937500000000006 0.10208333333333333
0 0.5671875000000001 0.6041666666666666 0.07500000000000001 0.125
0 0.66328125 0.5166666666666666 0.09531250000000001 0.12708333333333333
0 0.7445312500000001 0.48593749999999997 0.08281250000000001 0.11145833333333333
0 0.751171875 0.5932291666666667 0.07890625000000001 0.109375
0 0.8738281250000001 0.48020833333333335 0.09140625000000001 0.10416666666666667
0 0.8714843750000001 0.6052083333333333 0.07421875 0.09375
0 0.708984375 0.9390625 0.08828125 0.084375
0 0.31289062500000003 0.8947916666666667 0.06796875000000001 0.07708333333333334
0 0.294140625 0.5703125 0.06328125 0.09270833333333334
0 0.35976562500000003 0.63125 0.07890625000000001 0.09583333333333333
0 0.675390625 0.8026041666666667 0.06484375 0.10104166666666667
0 0.578125 0.7244791666666667 0.08281250000000001 0.10104166666666667
0 0.447265625 0.7807291666666667 0.06640625 0.10729166666666666
