0 0.15195312500000002 0.58125 0.09140625000000001 0.12708333333333333
0 0.225 0.5880208333333333 0.0703125 0.11145833333333333
0 0.068359375 0.734375 0.08203125 0.10208333333333333
0 0.39492187500000003 0.2546875 0.10390625 0.14270833333333333
0 0.534765625 0.07135416666666666 0.10859375 0.140625
0 0.405859375 0.026041666666666668 0.10078125 0.05
0 0.025390625 0.057812499999999996 0.049218750000000006 0.11354166666666667
0 0.7097656250000001 0.2713541666666667 0.04609375 0.059375
0 0.769140625 0.2677083333333333 0.04296875 0.05625
0 0.65546875 0.5713541666666666 0.0484375 0.05520833333333333
0 0.479296875 0.621875 0.08828125 0.11666666666666667
0 0.409765625 0.7458333333333333 0.08828125 0.12083333333333333
0 0.416015625 0.8624999999999999 0.08984375 0.09791666666666667
0 0.27382812500000003 0.753125 0.08046875 0.13333333333333333
0 0.9089843750000001 0.803125 0.08203125 0.12291666666666666
0 0.8375 0.7932291666666667 0.06875 0.090625
0 0.812109375 0.6791666666666667 0.07734375 0.1
0 0.84765625 0.5479166666666666 0.06875 0.10625
0 0.915625 0.5552083333333333 0.065625 0.10416666666666667
0 0.9750000000000001 0.525 0.05 0.09583333333333333
0 0.79453125 0.1265625 0.043750000000000004 0.046875
0 0.5710937500000001 0.7010416666666667 0.0171875 0.029166666666666667
0 0.480078125 0.76875 0.02421875 0.029166666666666667
0 0.714453125 0.7260416666666667 0.01953125 0.025
