0 0.013671875 0.4515625 0.025781250000000002 0.08645833333333333
0 0.025390625 0.12395833333333334 0.032031250000000004 0.06041666666666667
0 0.017968750000000002 0.06354166666666666 0.034375 0.05
0 0.33242187500000003 0.3723958333333333 0.08046875 0.11354166666666667
0 0.2921875 0.47552083333333334 0.07500000000000001 0.09895833333333333
0 0.268359375 0.5796875 0.07421875 0.09895833333333333
0 0.38515625000000003 0.5661458333333333 0.06875 0.090625
0 0.357421875 0.7536458333333333 0.06796875000000001 0.09270833333333334
0 0.316015625 0.8859374999999999 0.06953125 0.084375
0 0.7488281250000001 0.9635416666666666 0.06484375 0.06666666666666667
0 0.883984375 0.4276041666666667 0.07265625 0.11354166666666667
0 0.890234375 0.5098958333333333 0.07265625 0.08645833333333333
0 0.6082031250000001 0.553125 0.07890625000000001 0.11041666666666666
0 0.6433593750000001 0.3692708333333333 0.08203125 0.103125
0 0.5765625 0.61875 0.0765625 0.08541666666666667
0 0.8343750000000001 0.029166666666666667 0.078125 0.05625
