0 0.15781250000000002 0.5098958333333333 0.0734375 0.096875
0 0.22421875000000002 0.4979166666666667 0.08281250000000001 0.1125
0 0.30234375 0.4005208333333333 0.0890625 0.09479166666666666
0 0.6312500000000001 0.525 0.08125 0.10833333333333334
0 0.7347656250000001 0.5375 0.08984375 0.11458333333333333
0 0.919921875 0.4421875 0.09296875 0.096875
0 0.46992187500000004 0.11510416666666666 0.09140625000000001 0.10520833333333333
0 0.735546875 0.9682291666666667 0.08515625 0.06354166666666666
0 0.20859375000000002 0.04583333333333333 0.026562500000000003 0.03125
0 0.123046875 0.0515625 0.022656250000000003 0.028125
0 0.89609375 0.9515625 0.0734375 0.08854166666666667
