0 0.1015625 0.3776041666666667 0.1 0.121875
0 0.278515625 0.5734375 0.10546875 0.11354166666666667
0 0.369140625 0.5458333333333333 0.08515625 0.12708333333333333
0 0.6472656250000001 0.4578125 0.08671875000000001 0.11770833333333333
0 0.5144531250000001 0.5411458333333333 0.09140625000000001 0.11145833333333333
0 0.49296875 0.6515625 0.0890625 0.103125
0 0.435546875 0.8536458333333333 0.08671875000000001 0.09270833333333334
0 0.740234375 0.7619791666666667 0.08046875 0.11354166666666667
0 0.900390625 0.4380208333333333 0.09140625000000001 0.109375
0 0.640234375 0.21927083333333333 0.055468750000000004 0.06145833333333333
0 0.25234375000000003 0.10729166666666666 0.09375 0.12708333333333333
0 0.6589843750000001 0.04791666666666666 0.10234375000000001 0.0875
0 0.26953125 0.9171874999999999 0.09531250000000001 0.09895833333333333
0 0.37812500000000004 0.9598958333333333 0.07968750000000001 0.07395833333333333
0 0.440234375 0.9348958333333334 0.06953125 0.08645833333333333
0 0.412890625 0.6666666666666666 0.07421875 0.11041666666666666
0 0.6042968750000001 0.6380208333333334 0.08203125 0.096875
0 0.7289062500000001 0.20885416666666667 0.0421875 0.053125
0 0.68359375 0.25364583333333335 0.046875 0.04895833333333333
0 0.6468750000000001 0.15520833333333334 0.043750000000000004 0.04791666666666666
0 0.5359375000000001 0.1765625 0.046875 0.057291666666666664
