0 0.22773437500000002 0.36666666666666664 0.07890625000000001 0.11041666666666666
0 0.2171875 0.12083333333333333 0.034375 0.052083333333333336
0 0.216796875 0.17552083333333332 0.03671875 0.046875
0 0.5296875 0.3645833333333333 0.07968750000000001 0.10208333333333333
0 0.7289062500000001 0.022395833333333334 0.0765625 0.042708333333333334
0 0.7734375 0.4161458333333333 0.0765625 0.11145833333333333
0 0.7816406250000001 0.4979166666666667 0.07734375 0.0875
0 0.9304687500000001 0.4109375 0.0765625 0.11354166666666667
0 0.9710937500000001 0.4791666666666667 0.0578125 0.08333333333333333
0 0.98359375 0.6151041666666667 0.0328125 0.109375
0 0.49257812500000003 0.5473958333333333 0.07890625000000001 0.11770833333333333
0 0.46914062500000003 0.609375 0.06953125 0.09166666666666666
0 0.646484375 0.9640624999999999 0.07578125000000001 0.06979166666666667
0 0.25703125 0.7432291666666666 0.06875 0.09270833333333334
0 0.2828125 0.5598958333333334 0.065625 0.084375
0 0.17578125 0.5729166666666666 0.0765625 0.08958333333333333
0 0.22031250000000002 0.8677083333333333 0.06875 0.07916666666666666
0 0.198046875 0.46822916666666664 0.07421875 0.10104166666666667
