0 0.063671875 0.33177083333333335 0.10546875 0.15729166666666666
0 0.173828125 0.3536458333333333 0.10859375 0.17604166666666665
0 0.2578125 0.29635416666666664 0.0421875 0.053125
0 0.25703125 0.23958333333333334 0.0421875 0.04791666666666666
0 0.181640625 0.06145833333333333 0.09921875000000001 0.11666666666666667
0 0.569921875 0.07083333333333333 0.10234375000000001 0.13333333333333333
0 0.66171875 0.058854166666666666 0.0859375 0.11145833333333333
0 0.76953125 0.0796875 0.0890625 0.121875
0 0.859375 0.12343749999999999 0.10625000000000001 0.159375
0 0.7265625 0.2375 0.0484375 0.05416666666666667
0 0.9105468750000001 0.6171875 0.07421875 0.12395833333333334
0 0.968359375 0.7296875 0.06171875 0.11979166666666667
0 0.7054687500000001 0.8098958333333334 0.09531250000000001 0.13645833333333332
0 0.671875 0.903125 0.05 0.058333333333333334
0 0.6179687500000001 0.7744791666666666 0.1 0.140625
0 0.325 0.7505208333333333 0.11406250000000001 0.15104166666666666
0 0.212890625 0.7453125 0.10859375 0.128125
0 0.019921875000000002 0.6973958333333333 0.03828125 0.11770833333333333
0 0.471484375 0.26197916666666665 0.049218750000000006 0.06979166666666667
0 0.106640625 0.96875 0.047656250000000004 0.05
0 0.503515625 0.9671875 0.04609375 0.051041666666666666
0 0.5625 0.965625 0.046875 0.06041666666666667
0 0.6121093750000001 0.9661458333333334 0.049218750000000006 0.057291666666666664
0 0.49921875000000004 0.6770833333333334 0.037500000000000006 0.05
0 0.28164062500000003 0.98125 0.055468750000000004 0.035416666666666666
0 0.98359375 0.334375 0.03125 0.052083333333333336
0 0.008984375000000001 0.09427083333333333 0.013281250000000001 0.04895833333333333
