0 0.397265625 0.5036458333333333 0.08359375000000001 0.11145833333333333
0 0.45546875000000003 0.4140625 0.07968750000000001 0.11145833333333333
0 0.5921875 0.21562499999999998 0.060937500000000006 0.09375
0 0.552734375 0.10677083333333333 0.07578125000000001 0.09270833333333334
0 0.783203125 0.19895833333333332 0.04296875 0.052083333333333336
0 0.8207031250000001 0.41770833333333335 0.07109375 0.09375
0 0.8109375000000001 0.6078125 0.0671875 0.08854166666666667
0 0.749609375 0.7947916666666667 0.05859375 0.06041666666666667
0 0.6839843750000001 0.6609375 0.06015625 0.08229166666666667
0 0.60703125 0.6036458333333333 0.0765625 0.11145833333333333
0 0.5300781250000001 0.5838541666666667 0.07265625 0.09895833333333333
0 0.38906250000000003 0.8026041666666667 0.06406250000000001 0.07604166666666666
0 0.47890625000000003 0.7536458333333333 0.045312500000000006 0.057291666666666664
0 0.08750000000000001 0.6432291666666666 0.065625 0.09270833333333334
0 0.138671875 0.6208333333333333 0.06328125 0.09375
0 0.21640625000000002 0.2546875 0.0390625 0.06354166666666666
0 0.24296875 0.17760416666666667 0.06406250000000001 0.096875
0 0.37031250000000004 0.1375 0.078125 0.1
0 0.43867187500000004 0.1296875 0.06015625 0.090625
0 0.10390625 0.06979166666666667 0.065625 0.09583333333333333
0 0.0203125 0.3015625 0.0390625 0.096875
0 0.83359375 0.07916666666666666 0.018750000000000003 0.03125
0 0.205859375 0.6916666666666667 0.01953125 0.025
0 0.24179687500000002 0.6239583333333333 0.01640625 0.022916666666666665
0 0.06406250000000001 0.8130208333333333 0.018750000000000003 0.02395833333333333
0 0.031640625 0.7963541666666667 0.017968750000000002 0.02395833333333333
0 0.060937500000000006 0.8661458333333333 0.015625 0.019791666666666666
