0 0.031640625 0.1546875 0.06171875 0.16354166666666667
0 0.148046875 0.06197916666666667 0.10390625 0.121875
0 0.61484375 0.05364583333333333 0.109375 0.10520833333333333
0 0.4890625 0.04010416666666666 0.09843750000000001 0.078125
0 0.405078125 0.20625 0.03828125 0.06041666666666667
0 0.337890625 0.240625 0.049218750000000006 0.06041666666666667
0 0.6265625 0.33177083333333335 0.05 0.057291666666666664
0 0.78515625 0.5630208333333333 0.0765625 0.12395833333333334
0 0.86484375 0.6703125 0.08750000000000001 0.12395833333333334
0 0.9453125 0.5755208333333334 0.0890625 0.128125
0 0.5593750000000001 0.8760416666666666 0.0890625 0.1125
0 0.576171875 0.7526041666666666 0.07890625000000001 0.11354166666666667
0 0.48125 0.7723958333333333 0.0921875 0.11979166666666667
0 0.38984375000000004 0.7135416666666666 0.096875 0.11458333333333333
0 0.3140625 0.7427083333333333 0.07500000000000001 0.11666666666666667
0 0.22968750000000002 0.7307291666666667 0.0890625 0.13645833333333332
0 0.1390625 0.7473958333333334 0.08125 0.10520833333333333
0 0.091015625 0.6265625 0.08671875000000001 0.09895833333333333
0 0.24296875 0.9114583333333334 0.051562500000000004 0.06041666666666667
0 0.48554687500000004 0.9333333333333333 0.08203125 0.10416666666666667
0 0.554296875 0.9609375 0.06015625 0.071875
0 0.302734375 0.8973958333333333 0.05078125 0.065625
