0 0.19375 0.14947916666666666 0.07968750000000001 0.10729166666666666
0 0.28515625 0.28020833333333334 0.078125 0.11458333333333333
0 0.22734375 0.34322916666666664 0.0734375 0.09479166666666666
0 0.134765625 0.3567708333333333 0.07734375 0.09479166666666666
0 0.32539062500000004 0.4953125 0.08671875000000001 0.11354166666666667
0 0.508203125 0.4666666666666667 0.08828125 0.11041666666666666
0 0.584375 0.5401041666666666 0.06875 0.09895833333333333
0 0.6578125 0.5026041666666666 0.07500000000000001 0.10104166666666667
0 0.7386718750000001 0.5151041666666667 0.06796875000000001 0.096875
0 0.903515625 0.5864583333333333 0.09140625000000001 0.11458333333333333
0 0.43046875 0.6416666666666666 0.07187500000000001 0.08541666666666667
0 0.401171875 0.5583333333333333 0.08046875 0.09791666666666667
0 0.1609375 0.7520833333333333 0.05625 0.08958333333333333
0 0.68125 0.9713541666666666 0.0765625 0.057291666666666664
0 0.87109375 0.9505208333333334 0.0625 0.08229166666666667
0 0.417578125 0.12291666666666666 0.041406250000000006 0.052083333333333336
0 0.519140625 0.03333333333333333 0.03515625 0.052083333333333336
0 0.615234375 0.10729166666666666 0.04296875 0.05
0 0.798046875 0.014583333333333334 0.02421875 0.027083333333333334
