0 0.125390625 0.07135416666666666 0.10859375 0.140625
0 0.184375 0.1515625 0.08125 0.11770833333333333
0 0.37343750000000003 0.10520833333333333 0.06875 0.13541666666666666
0 0.50625 0.11458333333333333 0.1171875 0.16458333333333333
0 0.5886718750000001 0.075 0.10234375000000001 0.14791666666666667
0 0.6585937500000001 0.05520833333333333 0.08281250000000001 0.10833333333333334
0 0.8539062500000001 0.28229166666666666 0.053125000000000006 0.07916666666666666
0 0.81953125 0.31927083333333334 0.05 0.06354166666666666
0 0.8347656250000001 0.5822916666666667 0.10546875 0.14791666666666667
0 0.7253906250000001 0.7119791666666666 0.09140625000000001 0.13645833333333332
0 0.628125 0.7234375 0.11406250000000001 0.13645833333333332
0 0.56484375 0.8385416666666666 0.0890625 0.13333333333333333
0 0.765234375 0.9671875 0.08828125 0.057291666666666664
0 0.490234375 0.7640625 0.08515625 0.134375
0 0.46406250000000004 0.5838541666666667 0.10312500000000001 0.15104166666666666
0 0.384375 0.6619791666666667 0.096875 0.140625
0 0.3203125 0.7520833333333333 0.10312500000000001 0.12083333333333333
0 0.34453125 0.8364583333333333 0.06875 0.06041666666666667
0 0.43007812500000003 0.9604166666666667 0.04296875 0.0625
0 0.20234375000000002 0.5515625 0.084375 0.11354166666666667
0 0.11992187500000001 0.5583333333333333 0.07421875 0.1
0 0.499609375 0.2911458333333333 0.05078125 0.071875
0 0.626171875 0.2453125 0.03828125 0.04895833333333333
0 0.625 0.2973958333333333 0.0390625 0.04895833333333333
0 0.566015625 0.24010416666666667 0.039843750000000004 0.04895833333333333
0 0.35234375 0.22864583333333333 0.034375 0.046875
0 0.26796875000000003 0.2515625 0.0390625 0.059375
0 0.07578125000000001 0.28072916666666664 0.037500000000000006 0.04895833333333333
0 0.15351562500000002 0.23645833333333333 0.03515625 0.041666666666666664
0 0.128515625 0.2140625 0.032031250000000004 0.04895833333333333
0 0.037109375 0.37135416666666665 0.03359375 0.04895833333333333
0 0.199609375 0.6786458333333333 0.07734375 0.11979166666666667
0 0.229296875 0.765625 0.07265625 0.11875
0 0.08125 0.746875 0.07968750000000001 0.10208333333333333
