0 0.20546875 0.3390625 0.11875000000000001 0.16770833333333332
0 0.32460937500000003 0.35833333333333334 0.11640625 0.18125
0 0.322265625 0.053125 0.09921875000000001 0.10416666666666667
0 0.047265625000000006 0.24687499999999998 0.02890625 0.04791666666666666
0 0.0171875 0.24270833333333333 0.0328125 0.05416666666666667
0 0.012890625000000001 0.16510416666666666 0.02421875 0.04479166666666667
0 0.0203125 0.35104166666666664 0.035937500000000004 0.058333333333333334
0 0.08671875000000001 0.5828125 0.1015625 0.13854166666666667
0 0.0859375 0.7135416666666666 0.1 0.12708333333333333
0 0.3453125 0.7578125 0.109375 0.14270833333333333
0 0.46640625 0.7619791666666667 0.12187500000000001 0.15104166666666666
0 0.7621093750000001 0.7729166666666667 0.09765625 0.13958333333333334
0 0.84140625 0.8156249999999999 0.07968750000000001 0.1375
0 0.8972656250000001 0.09739583333333333 0.07890625000000001 0.12604166666666666
0 0.966796875 0.13229166666666667 0.06328125 0.13125
0 0.6953125 0.07395833333333333 0.1 0.11666666666666667
0 0.778515625 0.065625 0.08359375000000001 0.12916666666666665
0 0.5242187500000001 0.26927083333333335 0.053125000000000006 0.06979166666666667
0 0.628515625 0.9661458333333334 0.047656250000000004 0.04479166666666667
0 0.47421875 0.3854166666666667 0.0234375 0.03333333333333333
0 0.032031250000000004 0.09427083333333333 0.035937500000000004 0.046875
0 0.36796875 0.14479166666666665 0.026562500000000003 0.03125
0 0.7308593750000001 0.903125 0.047656250000000004 0.05
0 0.49765625 0.3109375 0.0484375 0.06354166666666666
