0 0.155078125 0.12864583333333332 0.09765625 0.11979166666666667
0 0.739453125 0.3328125 0.10390625 0.12604166666666666
0 0.88984375 0.21875 0.09531250000000001 0.13125
0 0.8132812500000001 0.521875 0.09531250000000001 0.13125
0 0.606640625 0.6395833333333333 0.09921875000000001 0.11666666666666667
0 0.845703125 0.8609375 0.08671875000000001 0.103125
0 0.189453125 0.65625 0.09765625 0.11041666666666666
0 0.098046875 0.4166666666666667 0.08515625 0.10208333333333333
0 0.046484375 0.596875 0.07890625000000001 0.09791666666666667
0 0.125 0.6802083333333333 0.0671875 0.09583333333333333
0 0.8992187500000001 0.6395833333333333 0.08750000000000001 0.1
0 0.8078125 0.21822916666666667 0.0703125 0.10520833333333333
