0 0.059765625 0.30104166666666665 0.04453125 0.05625
0 0.10859375 0.290625 0.043750000000000004 0.05625
0 0.166796875 0.14479166666666665 0.04296875 0.04791666666666666
0 0.962109375 0.09427083333333333 0.07578125000000001 0.16979166666666667
0 0.667578125 0.6697916666666667 0.09296875 0.12916666666666665
0 0.6257812500000001 0.6921875 0.08125 0.13229166666666667
0 0.45937500000000003 0.7385416666666667 0.1046875 0.14375
0 0.478515625 0.8421875 0.08046875 0.09895833333333333
0 0.5632812500000001 0.9661458333333334 0.053125000000000006 0.05520833333333333
0 0.3515625 0.475 0.09531250000000001 0.12708333333333333
0 0.427734375 0.4067708333333333 0.09453125000000001 0.103125
0 0.43828125 0.2989583333333333 0.09375 0.125
0 0.13828125 0.2583333333333333 0.0390625 0.041666666666666664
0 0.225390625 0.5010416666666666 0.08359375000000001 0.12083333333333333
0 0.18085937500000002 0.4552083333333333 0.06015625 0.10625
