0 0.6410156250000001 0.5416666666666666 0.08046875 0.1125
0 0.532421875 0.759375 0.08515625 0.12291666666666666
0 0.339453125 0.7234375 0.09765625 0.12604166666666666
0 0.151171875 0.2546875 0.08515625 0.10729166666666666
0 0.065625 0.1171875 0.09843750000000001 0.11145833333333333
0 0.47734375 0.050520833333333334 0.09843750000000001 0.09895833333333333
0 0.6570312500000001 0.04583333333333333 0.1015625 0.08958333333333333
0 0.943359375 0.6958333333333333 0.07578125000000001 0.10833333333333334
0 0.6953125 0.7791666666666667 0.08125 0.10416666666666667
0 0.598828125 0.7953125 0.06015625 0.109375
0 0.46640625 0.76875 0.051562500000000004 0.11666666666666667
0 0.6371093750000001 0.20677083333333332 0.05390625 0.057291666666666664
0 0.207421875 0.1578125 0.09140625000000001 0.11145833333333333
0 0.8375 0.3104166666666667 0.045312500000000006 0.06875
0 0.474609375 0.26979166666666665 0.032031250000000004 0.04583333333333333
