0 0.217578125 0.5890625 0.08984375 0.12395833333333334
0 0.2984375 0.60625 0.08125 0.10208333333333333
0 0.026562500000000003 0.5927083333333333 0.051562500000000004 0.12708333333333333
0 0.265234375 0.20416666666666666 0.04453125 0.052083333333333336
0 0.265625 0.24583333333333332 0.0390625 0.04791666666666666
0 0.3765625 0.14427083333333332 0.043750000000000004 0.065625
0 0.409765625 0.17760416666666667 0.049218750000000006 0.053125
0 0.5867187500000001 0.5411458333333333 0.09531250000000001 0.12395833333333334
0 0.666015625 0.49322916666666666 0.08828125 0.13020833333333334
0 0.49843750000000003 0.421875 0.05 0.052083333333333336
0 0.736328125 0.6239583333333333 0.07578125000000001 0.09375
0 0.83203125 0.6536458333333334 0.08125 0.11770833333333333
0 0.88671875 0.3640625 0.08750000000000001 0.11770833333333333
0 0.9402343750000001 0.07395833333333333 0.08984375 0.12083333333333333
0 0.8871093750000001 0.08645833333333333 0.06953125 0.11458333333333333
0 0.791015625 0.40260416666666665 0.07265625 0.10729166666666666
0 0.39101562500000003 0.590625 0.07734375 0.10625
0 0.49062500000000003 0.6010416666666667 0.0421875 0.05416666666666667
0 0.37812500000000004 0.7088541666666667 0.0734375 0.103125
0 0.40546875000000004 0.7640625 0.0734375 0.109375
0 0.330859375 0.7546875 0.07890625000000001 0.10729166666666666
0 0.39765625000000004 0.9234375 0.084375 0.10104166666666667
0 0.47968750000000004 0.9572916666666667 0.0921875 0.08125
0 0.51484375 0.9291666666666667 0.0703125 0.09791666666666667
0 0.7175781250000001 0.7807291666666667 0.04609375 0.051041666666666666
0 0.19062500000000002 0.9817708333333334 0.08125 0.034375
0 0.64375 0.23854166666666665 0.0203125 0.029166666666666667
0 0.49921875000000004 0.22552083333333334 0.026562500000000003 0.030208333333333334
0 0.6765625000000001 0.12343749999999999 0.021875000000000002 0.028125
0 0.681640625 0.21875 0.022656250000000003 0.03125
0 0.6257812500000001 0.6932291666666667 0.0203125 0.028125
