0 0.22578125000000002 0.4203125 0.08125 0.11354166666666667
0 0.282421875 0.3880208333333333 0.07734375 0.103125
0 0.448828125 0.5901041666666667 0.04609375 0.071875
0 0.562890625 0.42135416666666664 0.08984375 0.12395833333333334
0 0.642578125 0.5598958333333334 0.09140625000000001 0.128125
0 0.7140625 0.5552083333333333 0.0859375 0.10625
0 0.8347656250000001 0.51875 0.06796875000000001 0.08125
0 0.8675781250000001 0.609375 0.06484375 0.08958333333333333
0 0.919140625 0.7052083333333333 0.07109375 0.11041666666666666
0 0.8753906250000001 0.8729166666666667 0.07265625 0.12083333333333333
0 0.731640625 0.8583333333333333 0.07421875 0.09583333333333333
0 0.495703125 0.9494791666666667 0.05078125 0.057291666666666664
0 0.211328125 0.621875 0.07734375 0.09375
0 0.15234375 0.48593749999999997 0.0734375 0.09895833333333333
0 0.07695312500000001 0.6359375 0.07421875 0.09895833333333333
0 0.017968750000000002 0.5734375 0.034375 0.10104166666666667
0 0.025390625 0.771875 0.049218750000000006 0.06458333333333333
0 0.6984375 0.9791666666666666 0.06875 0.041666666666666664
0 0.5242187500000001 0.8776041666666666 0.060937500000000006 0.06354166666666666
