0 0.215234375 0.5911458333333334 0.09765625 0.13020833333333334
0 0.29531250000000003 0.6072916666666667 0.0765625 0.10208333333333333
0 0.3921875 0.5869791666666666 0.07500000000000001 0.10104166666666667
0 0.49296875 0.6052083333333333 0.040625 0.05625
0 0.584375 0.5401041666666666 0.09531250000000001 0.11770833333333333
0 0.66328125 0.490625 0.08750000000000001 0.12916666666666665
0 0.73359375 0.6223958333333334 0.078125 0.09270833333333334
0 0.787109375 0.390625 0.06328125 0.07916666666666666
0 0.498046875 0.42604166666666665 0.04453125 0.06458333333333333
0 0.37890625 0.7098958333333333 0.07187500000000001 0.10104166666666667
0 0.404296875 0.7598958333333333 0.08046875 0.10104166666666667
0 0.32734375000000004 0.7526041666666666 0.0765625 0.09895833333333333
0 0.39765625000000004 0.9208333333333333 0.078125 0.1
0 0.48125 0.9546875 0.09531250000000001 0.08020833333333333
0 0.512890625 0.9265625 0.07265625 0.090625
0 0.714453125 0.7854166666666667 0.05078125 0.06666666666666667
0 0.37617187500000004 0.14114583333333333 0.04453125 0.06145833333333333
0 0.34140625 0.071875 0.040625 0.04791666666666666
0 0.37812500000000004 0.0296875 0.0328125 0.04479166666666667
0 0.36445312500000004 0.4119791666666667 0.049218750000000006 0.06145833333333333
0 0.9390625 0.071875 0.084375 0.11458333333333333
0 0.8835937500000001 0.08697916666666666 0.0625 0.11979166666666667
0 0.6421875 0.2375 0.021875000000000002 0.03125
0 0.6820312500000001 0.21770833333333334 0.0234375 0.025
0 0.671875 0.24635416666666665 0.021875000000000002 0.026041666666666668
0 0.7429687500000001 0.075 0.0234375 0.027083333333333334
0 0.6316406250000001 0.103125 0.02421875 0.029166666666666667
