0 0.18125000000000002 0.17291666666666666 0.037500000000000006 0.04375
0 0.017968750000000002 0.0765625 0.034375 0.11562499999999999
0 0.27187500000000003 0.0390625 0.11406250000000001 0.07604166666666666
0 0.36953125000000003 0.0265625 0.12187500000000001 0.051041666666666666
0 0.28046875 0.44947916666666665 0.0921875 0.121875
0 0.04453125 0.47031249999999997 0.07500000000000001 0.096875
0 0.076171875 0.640625 0.07109375 0.08541666666666667
0 0.16562500000000002 0.76875 0.0765625 0.10833333333333334
0 0.23125 0.7302083333333333 0.08125 0.09583333333333333
0 0.35859375000000004 0.7213541666666666 0.08281250000000001 0.128125
0 0.43984375000000003 0.7203125 0.07500000000000001 0.09895833333333333
0 0.513671875 0.5994791666666667 0.08203125 0.11770833333333333
0 0.6468750000000001 0.6265625 0.09375 0.12604166666666666
0 0.6882812500000001 0.5786458333333333 0.1 0.096875
0 0.930859375 0.3567708333333333 0.09921875000000001 0.121875
0 0.9382812500000001 0.540625 0.09062500000000001 0.17708333333333334
0 0.9597656250000001 0.8958333333333334 0.08046875 0.13125
0 0.7957031250000001 0.8901041666666667 0.06484375 0.078125
0 0.580078125 0.7098958333333333 0.10234375000000001 0.128125
0 0.55 0.27239583333333334 0.053125000000000006 0.057291666666666664
0 0.349609375 0.1703125 0.04453125 0.05520833333333333
0 0.39453125 0.2682291666666667 0.034375 0.046875
0 0.07968750000000001 0.828125 0.040625 0.052083333333333336
