0 0.107421875 0.21770833333333334 0.04609375 0.06041666666666667
0 0.03671875 0.325 0.043750000000000004 0.0625
0 0.314453125 0.30104166666666665 0.049218750000000006 0.06041666666666667
0 0.49257812500000003 0.4505208333333333 0.10234375000000001 0.121875
0 0.4703125 0.5989583333333334 0.1015625 0.12916666666666665
0 0.66953125 0.33177083333333335 0.084375 0.12604166666666666
0 0.7484375000000001 0.3385416666666667 0.0921875 0.12083333333333333
0 0.9050781250000001 0.6786458333333333 0.08828125 0.13854166666666667
0 0.942578125 0.05572916666666666 0.10546875 0.109375
0 0.27968750000000003 0.5875 0.0890625 0.11875
0 0.224609375 0.7489583333333333 0.09296875 0.11458333333333333
0 0.15781250000000002 0.784375 0.0703125 0.11666666666666667
0 0.08945312500000001 0.7427083333333333 0.08671875000000001 0.12083333333333333
