0 0.244140625 0.1765625 0.06796875000000001 0.084375
0 0.36953125000000003 0.1328125 0.0734375 0.096875
0 0.431640625 0.1265625 0.06640625 0.078125
0 0.55390625 0.10677083333333333 0.0671875 0.096875
0 0.5925781250000001 0.21302083333333333 0.06953125 0.09270833333333334
0 0.782421875 0.2015625 0.039843750000000004 0.04895833333333333
0 0.81015625 0.6067708333333334 0.0671875 0.08645833333333333
0 0.816015625 0.4145833333333333 0.06640625 0.08333333333333333
0 0.6082031250000001 0.6078125 0.08203125 0.10729166666666666
0 0.685546875 0.6671875 0.06015625 0.096875
0 0.751953125 0.7963541666666667 0.05390625 0.053125
0 0.39765625000000004 0.5026041666666666 0.0859375 0.10520833333333333
0 0.459765625 0.4 0.07734375 0.08125
0 0.53046875 0.5864583333333333 0.0703125 0.09583333333333333
0 0.3921875 0.7979166666666666 0.0671875 0.06875
0 0.478515625 0.7484375 0.04453125 0.065625
0 0.090234375 0.64375 0.06953125 0.09166666666666666
0 0.220703125 0.25416666666666665 0.04453125 0.0625
0 0.109765625 0.06927083333333334 0.06015625 0.08229166666666667
0 0.20429687500000002 0.6901041666666666 0.025781250000000002 0.028125
0 0.2421875 0.6229166666666667 0.015625 0.025
