0 0.153125 0.12604166666666666 0.09375 0.11458333333333333
0 0.21875 0.10989583333333333 0.059375000000000004 0.10729166666666666
0 0.09453125000000001 0.42083333333333334 0.08281250000000001 0.11458333333333333
0 0.042578125 0.6020833333333333 0.08203125 0.11666666666666667
0 0.12187500000000001 0.6770833333333334 0.065625 0.11666666666666667
0 0.19492187500000002 0.6630208333333333 0.08671875000000001 0.121875
0 0.60546875 0.6416666666666666 0.10625000000000001 0.13125
0 0.815625 0.5177083333333333 0.08750000000000001 0.12708333333333333
0 0.7425781250000001 0.3338541666666667 0.10546875 0.121875
0 0.8015625000000001 0.22343749999999998 0.084375 0.09270833333333334
0 0.8914062500000001 0.21770833333333334 0.0890625 0.13125
0 0.9714843750000001 0.1453125 0.057031250000000006 0.10729166666666666
0 0.841796875 0.8624999999999999 0.07265625 0.10625
0 0.87109375 0.9161458333333333 0.084375 0.10104166666666667
0 0.89609375 0.6411458333333333 0.08281250000000001 0.10729166666666666
0 0.98046875 0.6088541666666667 0.0390625 0.13020833333333334
0 0.6921875000000001 0.9161458333333333 0.0734375 0.08645833333333333
0 0.174609375 0.9328124999999999 0.049218750000000006 0.051041666666666666
0 0.233203125 0.9203125 0.03515625 0.05520833333333333
