0 0.420703125 0.225 0.08515625 0.11666666666666667
0 0.483984375 0.1796875 0.08515625 0.11979166666666667
0 0.593359375 0.08645833333333333 0.08828125 0.125
0 0.7367187500000001 0.0484375 0.08750000000000001 0.09479166666666666
0 0.56484375 0.3078125 0.0421875 0.053125
0 0.770703125 0.290625 0.06171875 0.075
0 0.7367187500000001 0.6755208333333333 0.07968750000000001 0.08854166666666667
0 0.665625 0.6578125 0.07187500000000001 0.09895833333333333
0 0.65625 0.5651041666666666 0.051562500000000004 0.03854166666666667
0 0.594921875 0.7432291666666666 0.06953125 0.09479166666666666
0 0.41953125 0.8104166666666667 0.07500000000000001 0.10208333333333333
0 0.37109375 0.7989583333333333 0.0625 0.10208333333333333
0 0.203125 0.6859375 0.0921875 0.11562499999999999
0 0.361328125 0.9583333333333334 0.047656250000000004 0.06041666666666667
0 0.312109375 0.0859375 0.06640625 0.09895833333333333
0 0.13007812500000002 0.09114583333333333 0.04296875 0.046875
0 0.051562500000000004 0.3067708333333333 0.015625 0.021875
0 0.18828125 0.4203125 0.029687500000000002 0.030208333333333334
