0 0.21054687500000002 0.44375 0.07890625000000001 0.1
0 0.3296875 0.4328125 0.08281250000000001 0.12395833333333334
0 0.486328125 0.45468749999999997 0.08203125 0.11562499999999999
0 0.54921875 0.47552083333333334 0.0765625 0.11562499999999999
0 0.734375 0.35260416666666666 0.07187500000000001 0.08854166666666667
0 0.56171875 0.6390625 0.07500000000000001 0.09270833333333334
0 0.6796875 0.8515625 0.084375 0.10520833333333333
0 0.5421875 0.9421875 0.0859375 0.09895833333333333
0 0.240625 0.5265625 0.08125 0.08854166666666667
0 0.9 0.23802083333333332 0.08281250000000001 0.09270833333333334
