0 0.30195312500000004 0.18802083333333333 0.039843750000000004 0.051041666666666666
0 0.33906250000000004 0.20052083333333334 0.0421875 0.065625
0 0.39609375 0.1359375 0.059375000000000004 0.06354166666666666
0 0.228515625 0.033854166666666664 0.03515625 0.046875
0 0.105859375 0.065625 0.09140625000000001 0.1
0 0.209375 0.5135416666666667 0.08281250000000001 0.09791666666666667
0 0.240234375 0.6067708333333334 0.07421875 0.109375
0 0.039843750000000004 0.6552083333333333 0.07500000000000001 0.10625
0 0.17695312500000002 0.8328125 0.07890625000000001 0.11354166666666667
0 0.11328125 0.8182291666666667 0.05625 0.12604166666666666
0 0.25 0.9562499999999999 0.08750000000000001 0.07291666666666667
0 0.34453125 0.8802083333333334 0.053125000000000006 0.07083333333333333
0 0.48085937500000003 0.9036458333333334 0.09140625000000001 0.09895833333333333
0 0.594140625 0.7692708333333333 0.09609375 0.10729166666666666
0 0.708203125 0.696875 0.09609375 0.11666666666666667
0 0.74609375 0.7817708333333333 0.08750000000000001 0.10520833333333333
0 0.9246093750000001 0.6947916666666667 0.08203125 0.11041666666666666
0 0.819921875 0.5895833333333333 0.07890625000000001 0.09791666666666667
0 0.878125 0.5755208333333334 0.06875 0.09479166666666666
0 0.7332031250000001 0.4692708333333333 0.04609375 0.065625
0 0.5453125 0.5885416666666666 0.09062500000000001 0.12916666666666665
0 0.386328125 0.440625 0.05390625 0.07708333333333334
0 0.405078125 0.5114583333333333 0.05078125 0.06666666666666667
0 0.5734375 0.15416666666666667 0.08750000000000001 0.11666666666666667
0 0.6125 0.20781249999999998 0.09062500000000001 0.10729166666666666
0 0.68359375 0.11927083333333333 0.07500000000000001 0.10104166666666667
0 0.6140625000000001 0.030729166666666665 0.09843750000000001 0.059375
0 0.901953125 0.234375 0.041406250000000006 0.07083333333333333
