0 0.12460937500000001 0.29322916666666665 0.08671875000000001 0.11145833333333333
0 0.1625 0.15625 0.084375 0.11875
0 0.127734375 0.5213541666666667 0.09921875000000001 0.12604166666666666
0 0.062109375 0.6682291666666667 0.08671875000000001 0.09895833333333333
0 0.24296875 0.6182291666666666 0.09375 0.11562499999999999
0 0.5398437500000001 0.7 0.09531250000000001 0.12291666666666666
0 0.49453125000000003 0.8041666666666667 0.1 0.10833333333333334
0 0.48984375 0.9088541666666666 0.096875 0.11562499999999999
0 0.7058593750000001 0.6520833333333333 0.09140625000000001 0.12916666666666665
0 0.888671875 0.5729166666666666 0.09296875 0.11875
0 0.96015625 0.2171875 0.07968750000000001 0.12604166666666666
0 0.2890625 0.22291666666666665 0.043750000000000004 0.052083333333333336
