0 0.17539062500000002 0.40260416666666665 0.09765625 0.09270833333333334
0 0.1078125 0.4901041666666667 0.08281250000000001 0.11562499999999999
0 0.519921875 0.5197916666666667 0.08203125 0.10833333333333334
0 0.60859375 0.5322916666666666 0.0921875 0.11666666666666667
0 0.8125 0.4354166666666667 0.0921875 0.10833333333333334
0 0.958203125 0.5083333333333333 0.08359375000000001 0.13125
0 0.6214843750000001 0.9682291666666667 0.09453125000000001 0.06354166666666666
0 0.8074218750000001 0.9557291666666666 0.08046875 0.08854166666666667
0 0.35195312500000003 0.10781249999999999 0.09609375 0.11145833333333333
0 0.93515625 0.15260416666666665 0.037500000000000006 0.06145833333333333
