0 0.10117187500000001 0.06770833333333333 0.09453125000000001 0.125
0 0.41484375 0.0453125 0.109375 0.08854166666666667
0 0.523046875 0.030208333333333334 0.10703125000000001 0.05625
0 0.6042968750000001 0.27708333333333335 0.047656250000000004 0.0625
0 0.40390625 0.453125 0.09062500000000001 0.11875
0 0.14570312500000002 0.475 0.08515625 0.1
0 0.16640625 0.65625 0.07968750000000001 0.09375
0 0.03828125 0.5598958333333334 0.07187500000000001 0.10729166666666666
0 0.026953125 0.6645833333333333 0.05234375 0.09375
0 0.0546875 0.8473958333333333 0.07187500000000001 0.08854166666666667
0 0.1765625 0.7973958333333333 0.043750000000000004 0.053125
0 0.13593750000000002 0.8364583333333333 0.037500000000000006 0.05
0 0.269140625 0.778125 0.07890625000000001 0.09791666666666667
0 0.346484375 0.7447916666666666 0.08515625 0.10625
0 0.479296875 0.7307291666666667 0.08828125 0.11562499999999999
0 0.5609375 0.7286458333333333 0.07187500000000001 0.090625
0 0.705078125 0.7192708333333333 0.09296875 0.13645833333333332
0 0.638671875 0.603125 0.08359375000000001 0.10833333333333334
0 0.7679687500000001 0.6322916666666667 0.08750000000000001 0.11875
0 0.796484375 0.5833333333333334 0.08515625 0.09583333333333333
0 0.6355468750000001 0.7130208333333333 0.07734375 0.11770833333333333
0 0.586328125 0.6255208333333333 0.06015625 0.11145833333333333
0 0.44843750000000004 0.17239583333333333 0.037500000000000006 0.04895833333333333
0 0.29726562500000003 0.19322916666666667 0.05078125 0.051041666666666666
0 0.25546875 0.14010416666666667 0.037500000000000006 0.042708333333333334
0 0.886328125 0.8880208333333334 0.06796875000000001 0.084375
0 0.925 0.8140625 0.0484375 0.07395833333333333
0 0.0546875 0.9286458333333333 0.0703125 0.078125
