0 0.22773437500000002 0.4979166666666667 0.08515625 0.11458333333333333
0 0.158203125 0.509375 0.08203125 0.09583333333333333
0 0.084375 0.5510416666666667 0.0859375 0.09791666666666667
0 0.470703125 0.11145833333333333 0.08984375 0.10625
0 0.628515625 0.525 0.08046875 0.10625
0 0.7375 0.5401041666666666 0.0921875 0.11979166666666667
0 0.917578125 0.4322916666666667 0.08203125 0.0875
0 0.7347656250000001 0.9666666666666667 0.08046875 0.06666666666666667
0 0.30117187500000003 0.40625 0.07890625000000001 0.08125
0 0.2078125 0.0453125 0.021875000000000002 0.03229166666666666
