0 0.47304687500000003 0.16979166666666667 0.08046875 0.1125
0 0.40937500000000004 0.16770833333333332 0.065625 0.11458333333333333
0 0.415625 0.058333333333333334 0.08281250000000001 0.09791666666666667
0 0.291796875 0.06666666666666667 0.09765625 0.12916666666666665
0 0.071484375 0.103125 0.10078125 0.12083333333333333
0 0.19687500000000002 0.6447916666666667 0.09531250000000001 0.125
0 0.191796875 0.765625 0.08203125 0.10625
0 0.1171875 0.6890625 0.096875 0.128125
0 0.6492187500000001 0.7473958333333334 0.0890625 0.12395833333333334
0 0.7347656250000001 0.7020833333333333 0.09453125000000001 0.11041666666666666
0 0.95859375 0.7026041666666667 0.078125 0.109375
0 0.33125000000000004 0.9630208333333333 0.0734375 0.06354166666666666
0 0.6628906250000001 0.2864583333333333 0.04609375 0.06666666666666667
0 0.24531250000000002 0.946875 0.0171875 0.022916666666666665
0 0.58046875 0.6171875 0.025 0.030208333333333334
0 0.555859375 0.7078125 0.02109375 0.030208333333333334
