0 0.23945312500000002 0.2015625 0.09296875 0.12395833333333334
0 0.17421875 0.20208333333333334 0.060937500000000006 0.11458333333333333
0 0.018750000000000003 0.033854166666666664 0.035937500000000004 0.065625
0 0.34140625 0.09166666666666666 0.09062500000000001 0.125
0 0.675390625 0.0328125 0.08671875000000001 0.06145833333333333
0 0.47890625000000003 0.25104166666666666 0.0390625 0.05625
0 0.513671875 0.22760416666666666 0.04609375 0.04895833333333333
0 0.541015625 0.37395833333333334 0.04296875 0.058333333333333334
0 0.69296875 0.2546875 0.0390625 0.051041666666666666
0 0.8695312500000001 0.3802083333333333 0.0203125 0.03125
0 0.77265625 0.7057291666666666 0.07187500000000001 0.096875
0 0.706640625 0.7578125 0.07890625000000001 0.10520833333333333
0 0.553125 0.9718749999999999 0.08281250000000001 0.05625
0 0.51015625 0.9213541666666667 0.07500000000000001 0.109375
0 0.45039062500000004 0.7697916666666667 0.07109375 0.09166666666666666
0 0.37617187500000004 0.6953125 0.08515625 0.11562499999999999
0 0.31796875 0.6916666666666667 0.065625 0.10625
0 0.3796875 0.7984375 0.0765625 0.096875
0 0.34882812500000004 0.871875 0.08046875 0.10208333333333333
0 0.257421875 0.8958333333333334 0.06328125 0.08125
0 0.17148437500000002 0.7041666666666666 0.08203125 0.10833333333333334
0 0.07734375 0.7963541666666667 0.07968750000000001 0.10520833333333333
0 0.029687500000000002 0.7208333333333333 0.0578125 0.09166666666666666
0 0.8367187500000001 0.5796875 0.045312500000000006 0.036458333333333336
0 0.434375 0.5036458333333333 0.0625 0.09270833333333334
