0 0.532421875 0.5119791666666667 0.08359375000000001 0.109375
0 0.5875 0.4088541666666667 0.0671875 0.08854166666666667
0 0.659765625 0.5921875 0.07578125000000001 0.109375
0 0.7292968750000001 0.6130208333333333 0.07265625 0.109375
0 0.7890625 0.671875 0.060937500000000006 0.10416666666666667
0 0.9207031250000001 0.4265625 0.05859375 0.09895833333333333
0 0.9125000000000001 0.6119791666666666 0.065625 0.09270833333333334
0 0.49765625 0.8078124999999999 0.0703125 0.078125
0 0.190234375 0.6567708333333333 0.06484375 0.09270833333333334
0 0.24609375 0.6338541666666666 0.0578125 0.09270833333333334
0 0.08828125 0.5854166666666667 0.06875 0.09791666666666667
0 0.09335937500000001 0.303125 0.08359375000000001 0.08958333333333333
0 0.058984375000000006 0.13020833333333334 0.07890625000000001 0.11458333333333333
0 0.4765625 0.14166666666666666 0.07187500000000001 0.10416666666666667
0 0.5417968750000001 0.13802083333333334 0.06484375 0.09479166666666666
0 0.6609375000000001 0.11770833333333333 0.0765625 0.0875
0 0.6921875000000001 0.221875 0.0671875 0.09375
0 0.34296875000000004 0.18020833333333333 0.065625 0.09791666666666667
0 0.8289062500000001 0.20208333333333334 0.0390625 0.06041666666666667
