0 0.353125 0.4739583333333333 0.09375 0.12083333333333333
0 0.66953125 0.6739583333333333 0.09375 0.13125
0 0.616796875 0.6885416666666666 0.06953125 0.10416666666666667
0 0.46015625000000004 0.7416666666666667 0.096875 0.1375
0 0.47500000000000003 0.8484375 0.1 0.10104166666666667
0 0.437109375 0.3 0.09453125000000001 0.11666666666666667
0 0.22421875000000002 0.49166666666666664 0.0859375 0.1
0 0.9640625 0.065625 0.065625 0.11458333333333333
0 0.17539062500000002 0.1484375 0.032031250000000004 0.040625
0 0.1421875 0.26458333333333334 0.0421875 0.05416666666666667
