0 0.307421875 0.34375 0.08203125 0.1125
0 0.142578125 0.4088541666666667 0.08203125 0.09895833333333333
0 0.127734375 0.48802083333333335 0.08203125 0.09895833333333333
0 0.17890625000000002 0.6036458333333333 0.06406250000000001 0.08229166666666667
0 0.229296875 0.5635416666666666 0.06640625 0.08958333333333333
0 0.33320312500000004 0.5572916666666666 0.08203125 0.09791666666666667
0 0.43046875 0.5546875 0.08750000000000001 0.11562499999999999
0 0.49531250000000004 0.4515625 0.09843750000000001 0.10729166666666666
0 0.8250000000000001 0.21822916666666667 0.08281250000000001 0.13229166666666667
0 0.903515625 0.20572916666666666 0.08828125 0.11979166666666667
0 0.8953125000000001 0.515625 0.07968750000000001 0.11041666666666666
0 0.85703125 0.7177083333333333 0.0703125 0.11041666666666666
0 0.953125 0.6703125 0.07500000000000001 0.10104166666666667
0 0.761328125 0.90625 0.08359375000000001 0.10416666666666667
0 0.382421875 0.7453125 0.09609375 0.12604166666666666
0 0.43359375 0.6630208333333333 0.0890625 0.103125
0 0.178125 0.08020833333333333 0.021875000000000002 0.027083333333333334
0 0.2015625 0.0859375 0.029687500000000002 0.034375
0 0.224609375 0.013541666666666667 0.049218750000000006 0.025
