0 0.251171875 0.3572916666666667 0.09453125000000001 0.12291666666666666
0 0.178515625 0.3885416666666667 0.08359375000000001 0.12083333333333333
0 0.304296875 0.14739583333333334 0.03515625 0.07395833333333333
0 0.31171875000000004 0.04010416666666666 0.0625 0.078125
0 0.12812500000000002 0.036458333333333336 0.0546875 0.05625
0 0.43867187500000004 0.10260416666666666 0.08046875 0.10520833333333333
0 0.5808593750000001 0.025520833333333333 0.08203125 0.04895833333333333
0 0.78828125 0.03854166666666667 0.0921875 0.075
0 0.873046875 0.033854166666666664 0.08046875 0.065625
0 0.8792968750000001 0.6479166666666667 0.07421875 0.09166666666666666
0 0.8359375 0.7833333333333333 0.06875 0.0875
0 0.8375 0.85625 0.0625 0.0875
0 0.7890625 0.8635416666666667 0.07968750000000001 0.09583333333333333
0 0.66171875 0.7479166666666667 0.09375 0.10416666666666667
0 0.6492187500000001 0.6354166666666666 0.08281250000000001 0.10833333333333334
0 0.6824218750000001 0.46979166666666666 0.08984375 0.08541666666666667
0 0.6019531250000001 0.509375 0.08828125 0.125
0 0.3828125 0.6838541666666667 0.078125 0.103125
0 0.4609375 0.48072916666666665 0.0859375 0.11354166666666667
0 0.19375 0.65 0.0859375 0.11666666666666667
0 0.2109375 0.7375 0.0734375 0.0875
0 0.284375 0.9619791666666666 0.078125 0.07604166666666666
0 0.22187500000000002 0.98125 0.07500000000000001 0.0375
0 0.075390625 0.9072916666666666 0.055468750000000004 0.07916666666666666
0 0.1296875 0.8869791666666667 0.07187500000000001 0.10520833333333333
0 0.032031250000000004 0.534375 0.0625 0.09166666666666666
0 0.39921875 0.2708333333333333 0.0234375 0.03125
0 0.38984375000000004 0.234375 0.021875000000000002 0.029166666666666667
0 0.43125 0.21197916666666666 0.021875000000000002 0.026041666666666668
0 0.5390625 0.26875 0.021875000000000002 0.025
