0 0.080078125 0.265625 0.04296875 0.06041666666666667
0 0.1859375 0.41875 0.096875 0.12083333333333333
0 0.11953125 0.3729166666666667 0.0890625 0.11458333333333333
0 0.030859375 0.5005208333333333 0.06015625 0.13854166666666667
0 0.10429687500000001 0.5015625 0.08203125 0.12604166666666666
0 0.1765625 0.5458333333333333 0.0625 0.11666666666666667
0 0.058984375000000006 0.6 0.07734375 0.10416666666666667
0 0.371875 0.45208333333333334 0.084375 0.11458333333333333
0 0.6570312500000001 0.47239583333333335 0.0765625 0.109375
0 0.626171875 0.5619791666666667 0.07578125000000001 0.103125
0 0.55703125 0.5291666666666667 0.0765625 0.1125
0 0.49453125000000003 0.6078125 0.0703125 0.10104166666666667
0 0.95234375 0.5380208333333333 0.0625 0.084375
0 0.9207031250000001 0.1984375 0.047656250000000004 0.057291666666666664
0 0.8656250000000001 0.19479166666666667 0.0421875 0.0625
0 0.315234375 0.15208333333333332 0.03671875 0.052083333333333336
0 0.274609375 0.07864583333333333 0.039843750000000004 0.051041666666666666
