0 0.24570312500000002 0.35885416666666664 0.09765625 0.13020833333333334
0 0.172265625 0.38697916666666665 0.07890625000000001 0.12604166666666666
0 0.437109375 0.10104166666666667 0.07578125000000001 0.1
0 0.5828125000000001 0.025520833333333333 0.08750000000000001 0.04895833333333333
0 0.784765625 0.03177083333333333 0.09296875 0.06145833333333333
0 0.8699218750000001 0.03333333333333333 0.08046875 0.06458333333333333
0 0.88046875 0.6489583333333333 0.07187500000000001 0.09583333333333333
0 0.8347656250000001 0.7833333333333333 0.06484375 0.08333333333333333
0 0.833984375 0.8541666666666666 0.06953125 0.10208333333333333
0 0.7855468750000001 0.8661458333333333 0.07109375 0.10520833333333333
0 0.66171875 0.7494791666666667 0.09062500000000001 0.096875
0 0.646484375 0.6369791666666667 0.08046875 0.11354166666666667
0 0.721875 0.6208333333333333 0.0546875 0.08125
0 0.681640625 0.47604166666666664 0.08671875000000001 0.08958333333333333
0 0.6000000000000001 0.5057291666666667 0.0890625 0.11770833333333333
0 0.459765625 0.4817708333333333 0.08828125 0.11354166666666667
0 0.3828125 0.68125 0.078125 0.09166666666666666
0 0.193359375 0.6484375 0.09296875 0.109375
0 0.20859375000000002 0.7385416666666667 0.0734375 0.0875
0 0.28515625 0.9604166666666667 0.0765625 0.07916666666666666
0 0.21992187500000002 0.9848958333333333 0.07421875 0.030208333333333334
0 0.30234375 0.14583333333333334 0.035937500000000004 0.07291666666666667
0 0.31796875 0.0484375 0.065625 0.09479166666666666
0 0.12890625 0.04583333333333333 0.0625 0.07291666666666667
0 0.390234375 0.23541666666666666 0.02421875 0.03333333333333333
0 0.3984375 0.26927083333333335 0.0234375 0.028125
0 0.471484375 0.21822916666666667 0.017968750000000002 0.021875
0 0.431640625 0.2125 0.02109375 0.029166666666666667
0 0.538671875 0.2677083333333333 0.022656250000000003 0.027083333333333334
0 0.5066406250000001 0.3458333333333333 0.01953125 0.03125
