0 0.215625 0.4244791666666667 0.0859375 0.10729166666666666
0 0.276171875 0.12135416666666667 0.09296875 0.11770833333333333
0 0.334765625 0.10625 0.06484375 0.10208333333333333
0 0.85859375 0.34322916666666664 0.08750000000000001 0.13020833333333334
0 0.7429687500000001 0.6479166666666667 0.09843750000000001 0.13125
0 0.3171875 0.6703125 0.09531250000000001 0.121875
0 0.16171875000000002 0.6130208333333333 0.096875 0.11562499999999999
0 0.28945312500000003 0.9432291666666667 0.05078125 0.06145833333333333
0 0.94453125 0.534375 0.10312500000000001 0.13333333333333333
0 0.640625 0.5520833333333334 0.051562500000000004 0.05625
