0 0.059375000000000004 0.30104166666666665 0.046875 0.05625
0 0.10898437500000001 0.2895833333333333 0.04296875 0.05
0 0.14140625 0.2609375 0.0328125 0.046875
0 0.16914062500000002 0.14739583333333334 0.04453125 0.04895833333333333
0 0.43359375 0.29635416666666664 0.0859375 0.12395833333333334
0 0.4296875 0.4041666666666667 0.09062500000000001 0.1
0 0.347265625 0.4770833333333333 0.09609375 0.11875
0 0.226953125 0.5010416666666666 0.08359375000000001 0.11458333333333333
0 0.17929687500000002 0.4588541666666667 0.06484375 0.090625
0 0.6687500000000001 0.6723958333333333 0.09375 0.13854166666666667
0 0.626953125 0.6942708333333333 0.07265625 0.12395833333333334
0 0.960546875 0.08541666666666667 0.07890625000000001 0.16666666666666666
0 0.45742187500000003 0.7395833333333334 0.09765625 0.1375
0 0.47187500000000004 0.8505208333333333 0.09843750000000001 0.103125
0 0.5 0.09583333333333333 0.0234375 0.025
0 0.4578125 0.16458333333333333 0.018750000000000003 0.03333333333333333
