0 0.11484375000000001 0.2046875 0.08281250000000001 0.11145833333333333
0 0.05 0.2109375 0.05625 0.10104166666666667
0 0.211328125 0.09010416666666667 0.09140625000000001 0.12395833333333334
0 0.37148437500000003 0.2552083333333333 0.041406250000000006 0.058333333333333334
0 0.42421875000000003 0.24583333333333332 0.045312500000000006 0.052083333333333336
0 0.45820312500000004 0.21614583333333334 0.041406250000000006 0.04895833333333333
0 0.25820312500000003 0.6770833333333334 0.06953125 0.1125
0 0.260546875 0.7895833333333333 0.07734375 0.08541666666666667
0 0.236328125 0.8583333333333333 0.07421875 0.08333333333333333
0 0.5867187500000001 0.7526041666666666 0.07500000000000001 0.11770833333333333
0 0.6589843750000001 0.703125 0.07421875 0.0875
0 0.9128906250000001 0.5364583333333334 0.06953125 0.10416666666666667
0 0.3984375 0.9140625 0.078125 0.090625
0 0.33437500000000003 0.7625 0.0734375 0.09791666666666667
0 0.447265625 0.9703125 0.07890625000000001 0.059375
0 0.734375 0.9640624999999999 0.046875 0.065625
0 0.63984375 0.2515625 0.0421875 0.057291666666666664
0 0.48867187500000003 0.3671875 0.047656250000000004 0.057291666666666664
