0 0.25546875 0.18229166666666666 0.035937500000000004 0.052083333333333336
0 0.291796875 0.20052083333333334 0.04453125 0.04895833333333333
0 0.4453125 0.14375 0.0859375 0.1125
0 0.49140625000000004 0.20989583333333334 0.09375 0.10729166666666666
0 0.565625 0.11666666666666667 0.07500000000000001 0.10625
0 0.47187500000000004 0.0265625 0.09531250000000001 0.051041666666666666
0 0.9417968750000001 0.4359375 0.08359375000000001 0.10729166666666666
0 0.88203125 0.24375 0.0390625 0.052083333333333336
0 0.815625 0.33177083333333335 0.0421875 0.05520833333333333
0 0.60859375 0.4734375 0.065625 0.084375
0 0.416015625 0.5791666666666666 0.09453125000000001 0.11875
0 0.5925781250000001 0.6932291666666667 0.08828125 0.11354166666666667
0 0.640234375 0.7786458333333334 0.08203125 0.10104166666666667
0 0.8074218750000001 0.6942708333333333 0.09140625000000001 0.11770833333333333
0 0.925 0.74375 0.08125 0.10416666666666667
0 0.36640625000000004 0.8942708333333333 0.08125 0.11354166666666667
0 0.40546875000000004 0.8427083333333333 0.0703125 0.08958333333333333
0 0.47304687500000003 0.7588541666666666 0.08828125 0.11562499999999999
0 0.29921875000000003 0.6463541666666667 0.037500000000000006 0.053125
0 0.1296875 0.5921875 0.07500000000000001 0.096875
0 0.11015625000000001 0.5057291666666667 0.08750000000000001 0.09479166666666666
0 0.330078125 0.42864583333333334 0.041406250000000006 0.06354166666666666
0 0.0734375 0.8078124999999999 0.08125 0.10520833333333333
0 0.12187500000000001 0.7229166666666667 0.07968750000000001 0.10833333333333334
0 0.140234375 0.9489583333333333 0.07890625000000001 0.09583333333333333
0 0.284765625 0.86875 0.05390625 0.07291666666666667
0 0.219140625 0.8796875 0.041406250000000006 0.06145833333333333
0 0.24960937500000002 0.9479166666666666 0.06171875 0.058333333333333334
