0 0.23984375000000002 0.20677083333333332 0.0921875 0.12604166666666666
0 0.16875 0.20260416666666667 0.060937500000000006 0.11562499999999999
0 0.017968750000000002 0.0359375 0.034375 0.06979166666666667
0 0.34453125 0.09375 0.09531250000000001 0.13333333333333333
0 0.29726562500000003 0.13385416666666666 0.049218750000000006 0.10729166666666666
0 0.40742187500000004 0.08802083333333333 0.07265625 0.109375
0 0.48085937500000003 0.0140625 0.07109375 0.026041666666666668
0 0.6683593750000001 0.0203125 0.07734375 0.036458333333333336
0 0.4765625 0.25104166666666666 0.040625 0.06041666666666667
0 0.512890625 0.228125 0.047656250000000004 0.052083333333333336
0 0.6921875000000001 0.2609375 0.040625 0.06354166666666666
0 0.72421875 0.2520833333333333 0.035937500000000004 0.04791666666666666
0 0.8703125 0.3807291666666667 0.0203125 0.02395833333333333
0 0.76953125 0.7088541666666667 0.0734375 0.09270833333333334
0 0.7046875 0.75625 0.08281250000000001 0.10416666666666667
0 0.37539062500000003 0.6947916666666667 0.08671875000000001 0.12291666666666666
0 0.31484375000000003 0.6875 0.0671875 0.11041666666666666
0 0.17148437500000002 0.7104166666666667 0.08359375000000001 0.11666666666666667
0 0.07578125000000001 0.7953125 0.07968750000000001 0.103125
0 0.027734375000000002 0.7234375 0.05390625 0.08854166666666667
0 0.34804687500000003 0.8682291666666666 0.08203125 0.09895833333333333
0 0.378515625 0.7989583333333333 0.07109375 0.08958333333333333
0 0.45234375000000004 0.76875 0.07500000000000001 0.09375
0 0.51015625 0.9276041666666667 0.0734375 0.10520833333333333
0 0.540625 0.375 0.0421875 0.06458333333333333
0 0.55234375 0.9739583333333334 0.0703125 0.052083333333333336
0 0.260546875 0.8901041666666667 0.06484375 0.08229166666666667
