0 0.12812500000000002 0.41041666666666665 0.0734375 0.1
0 0.055468750000000004 0.48385416666666664 0.0703125 0.10520833333333333
0 0.381640625 0.5822916666666667 0.06015625 0.06875
0 0.594921875 0.5510416666666667 0.08671875000000001 0.1125
0 0.7796875000000001 0.6088541666666667 0.07968750000000001 0.090625
0 0.88046875 0.6296875 0.09843750000000001 0.11979166666666667
0 0.7699218750000001 0.8697916666666666 0.06796875000000001 0.10416666666666667
0 0.630078125 0.8557291666666667 0.07890625000000001 0.09479166666666666
0 0.44453125000000004 0.40781249999999997 0.08750000000000001 0.10729166666666666
0 0.5183593750000001 0.5447916666666667 0.07578125000000001 0.10833333333333334
0 0.9128906250000001 0.35625 0.08671875000000001 0.13333333333333333
0 0.721875 0.5135416666666667 0.078125 0.0875
