0 0.32460937500000003 0.058854166666666666 0.11640625 0.11354166666666667
0 0.17929687500000002 0.36354166666666665 0.07890625000000001 0.12291666666666666
0 0.110546875 0.3614583333333333 0.06015625 0.13333333333333333
0 0.27578125000000003 0.7119791666666666 0.11406250000000001 0.12604166666666666
0 0.59765625 0.871875 0.12187500000000001 0.13541666666666666
0 0.741796875 0.6588541666666666 0.09609375 0.11770833333333333
0 0.8460937500000001 0.5958333333333333 0.08281250000000001 0.11875
0 0.76953125 0.5041666666666667 0.1078125 0.14375
0 0.70859375 0.5875 0.09375 0.11666666666666667
0 0.7996093750000001 0.2661458333333333 0.10078125 0.11770833333333333
0 0.7253906250000001 0.18645833333333334 0.07421875 0.11666666666666667
