0 0.33437500000000003 0.3723958333333333 0.08750000000000001 0.10520833333333333
0 0.29140625000000003 0.4744791666666667 0.07968750000000001 0.10729166666666666
0 0.26406250000000003 0.5786458333333333 0.0765625 0.096875
0 0.38515625000000003 0.5640625 0.0734375 0.09479166666666666
0 0.640625 0.3692708333333333 0.08125 0.10520833333333333
0 0.891796875 0.42552083333333335 0.08671875000000001 0.11770833333333333
0 0.60859375 0.5526041666666667 0.08281250000000001 0.11145833333333333
0 0.7421875 0.9666666666666667 0.07968750000000001 0.06041666666666667
0 0.357421875 0.7583333333333333 0.06953125 0.09375
0 0.31562500000000004 0.86875 0.065625 0.07708333333333334
0 0.020703125000000003 0.06822916666666666 0.03828125 0.053125
