0 0.039843750000000004 0.6541666666666667 0.078125 0.12916666666666665
0 0.144921875 0.6932291666666667 0.08203125 0.09895833333333333
0 0.25820312500000003 0.5791666666666666 0.09609375 0.11458333333333333
0 0.51484375 0.4276041666666667 0.1125 0.134375
0 0.56875 0.34270833333333334 0.08750000000000001 0.125
0 0.32656250000000003 0.20572916666666666 0.11406250000000001 0.12395833333333334
0 0.49335937500000004 0.14635416666666667 0.10546875 0.13229166666666667
0 0.37812500000000004 0.052083333333333336 0.11093750000000001 0.10208333333333333
0 0.18476562500000002 0.027083333333333334 0.05078125 0.035416666666666666
0 0.700390625 0.6927083333333334 0.08984375 0.12291666666666666
0 0.7718750000000001 0.5619791666666667 0.1046875 0.14479166666666665
0 0.79296875 0.6708333333333333 0.1 0.11458333333333333
0 0.759765625 0.784375 0.09765625 0.12708333333333333
0 0.705078125 0.8807291666666667 0.10546875 0.11979166666666667
0 0.784765625 0.8552083333333333 0.06796875000000001 0.09166666666666666
0 0.576171875 0.9078125 0.09296875 0.109375
0 0.486328125 0.9364583333333333 0.11328125 0.09791666666666667
