0 0.10625000000000001 0.4375 0.0703125 0.10625
0 0.135546875 0.515625 0.07734375 0.09375
0 0.20390625 0.4322916666666667 0.084375 0.09583333333333333
0 0.36367187500000003 0.45260416666666664 0.08671875000000001 0.109375
0 0.42812500000000003 0.4661458333333333 0.08125 0.11562499999999999
0 0.675390625 0.34010416666666665 0.05078125 0.078125
0 0.7171875000000001 0.3328125 0.07500000000000001 0.08229166666666667
0 0.843359375 0.49583333333333335 0.07734375 0.10625
0 0.9390625 0.43906249999999997 0.0859375 0.12604166666666666
0 0.796484375 0.2296875 0.08203125 0.11979166666666667
0 0.5632812500000001 0.8463541666666666 0.0890625 0.10729166666666666
0 0.41640625000000003 0.9276041666666667 0.07968750000000001 0.09270833333333334
0 0.09296875 0.9625 0.08125 0.075
0 0.46015625000000004 0.6369791666666667 0.0671875 0.09479166666666666
0 0.29453125 0.48020833333333335 0.045312500000000006 0.1
0 0.6273437500000001 0.09791666666666667 0.07187500000000001 0.10208333333333333
0 0.6316406250000001 0.5526041666666667 0.022656250000000003 0.030208333333333334
0 0.68359375 0.4302083333333333 0.021875000000000002 0.027083333333333334
0 0.7265625 0.5828125 0.021875000000000002 0.028125
0 0.731640625 0.43645833333333334 0.017968750000000002 0.022916666666666665
