0 0.520703125 0.190625 0.07734375 0.09791666666666667
0 0.283984375 0.03854166666666667 0.07734375 0.06458333333333333
0 0.319140625 0.5104166666666666 0.07265625 0.09791666666666667
0 0.29921875000000003 0.6796875 0.07500000000000001 0.08645833333333333
0 0.3484375 0.6510416666666666 0.07187500000000001 0.08958333333333333
0 0.12265625000000001 0.6729166666666666 0.07500000000000001 0.08958333333333333
0 0.1078125 0.8078124999999999 0.0625 0.09270833333333334
0 0.06796875000000001 0.8927083333333333 0.060937500000000006 0.08958333333333333
0 0.12890625 0.8781249999999999 0.065625 0.09375
0 0.50546875 0.5401041666666666 0.07968750000000001 0.11354166666666667
0 0.50234375 0.6598958333333333 0.07968750000000001 0.11145833333333333
0 0.6121093750000001 0.5036458333333333 0.06640625 0.10104166666666667
0 0.6671875 0.5442708333333334 0.078125 0.11354166666666667
0 0.688671875 0.7286458333333333 0.07421875 0.11354166666666667
0 0.7601562500000001 0.6953125 0.06875 0.109375
0 0.9164062500000001 0.409375 0.07187500000000001 0.10416666666666667
0 0.610546875 0.7390625 0.06328125 0.10520833333333333
0 0.925 0.9197916666666667 0.0734375 0.10416666666666667
0 0.5125000000000001 0.8125 0.065625 0.06666666666666667
