0 0.193359375 0.6473958333333333 0.08359375000000001 0.12395833333333334
0 0.19609375 0.7692708333333333 0.08750000000000001 0.109375
0 0.11992187500000001 0.6942708333333333 0.09296875 0.12395833333333334
0 0.06953125 0.11510416666666666 0.096875 0.13645833333333332
0 0.29335937500000003 0.06927083333333334 0.10234375000000001 0.12604166666666666
0 0.476171875 0.17083333333333334 0.08203125 0.10625
0 0.4078125 0.16354166666666667 0.07968750000000001 0.11041666666666666
0 0.41640625000000003 0.05572916666666666 0.08125 0.09479166666666666
0 0.86640625 0.028125 0.109375 0.05416666666666667
0 0.7265625 0.7015625 0.0859375 0.11354166666666667
0 0.6515625 0.7505208333333333 0.09531250000000001 0.12395833333333334
0 0.9613281250000001 0.7015625 0.07734375 0.11145833333333333
0 0.330859375 0.9640624999999999 0.08203125 0.071875
0 0.66328125 0.2859375 0.0546875 0.051041666666666666
0 0.577734375 0.6161458333333333 0.022656250000000003 0.034375
0 0.555078125 0.7067708333333333 0.022656250000000003 0.028125
0 0.43359375 0.7348958333333333 0.018750000000000003 0.02395833333333333
