0 0.1859375 0.3380208333333333 0.1203125 0.17395833333333333
0 0.30507812500000003 0.3578125 0.11171875 0.18645833333333334
0 0.29921875000000003 0.05416666666666667 0.1015625 0.10625
0 0.88046875 0.0921875 0.078125 0.11770833333333333
0 0.9554687500000001 0.13177083333333334 0.07187500000000001 0.134375
0 0.6796875 0.08020833333333333 0.11406250000000001 0.11666666666666667
0 0.52109375 0.26875 0.0578125 0.07708333333333334
0 0.484375 0.3026041666666667 0.0421875 0.059375
0 0.7371093750000001 0.7760416666666666 0.09296875 0.15416666666666667
0 0.825390625 0.8177083333333334 0.07734375 0.125
0 0.447265625 0.7526041666666666 0.13046875 0.146875
0 0.32421875 0.7604166666666666 0.1171875 0.1375
0 0.070703125 0.709375 0.10703125000000001 0.12083333333333333
0 0.060937500000000006 0.5770833333333333 0.11093750000000001 0.12291666666666666
0 0.013671875 0.2375 0.022656250000000003 0.04791666666666666
0 0.02890625 0.09635416666666667 0.040625 0.05520833333333333
