0 0.7078125000000001 0.6140625 0.08125 0.11562499999999999
0 0.5925781250000001 0.7104166666666667 0.08203125 0.12083333333333333
0 0.5390625 0.7364583333333333 0.0578125 0.13125
0 0.6003906250000001 0.8312499999999999 0.08203125 0.09375
0 0.7523437500000001 0.7739583333333333 0.08125 0.11458333333333333
0 0.8347656250000001 0.7854166666666667 0.08046875 0.10416666666666667
0 0.6984375 0.10364583333333333 0.037500000000000006 0.051041666666666666
0 0.6566406250000001 0.16302083333333334 0.032031250000000004 0.05520833333333333
0 0.6265625 0.14791666666666667 0.0234375 0.05
0 0.21210937500000002 0.2546875 0.10390625 0.13645833333333332
0 0.11093750000000001 0.2859375 0.09531250000000001 0.13854166666666667
0 0.224609375 0.4010416666666667 0.09921875000000001 0.11875
0 0.18867187500000002 0.5067708333333333 0.09921875000000001 0.11562499999999999
0 0.85078125 0.475 0.07500000000000001 0.11666666666666667
0 0.7796875000000001 0.4536458333333333 0.035937500000000004 0.051041666666666666
0 0.468359375 0.6145833333333334 0.04296875 0.058333333333333334
0 0.35625 0.5010416666666666 0.0921875 0.11458333333333333
