0 0.15703125 0.490625 0.07500000000000001 0.1
0 0.225 0.42343749999999997 0.07968750000000001 0.11770833333333333
0 0.2859375 0.39375 0.0703125 0.10833333333333334
0 0.447265625 0.5885416666666666 0.04296875 0.07291666666666667
0 0.20546875 0.6208333333333333 0.065625 0.11041666666666666
0 0.06601562500000001 0.6328125 0.06328125 0.090625
0 0.0203125 0.5786458333333333 0.0390625 0.09479166666666666
0 0.640234375 0.5588541666666667 0.07109375 0.11562499999999999
0 0.7140625 0.5536458333333333 0.084375 0.109375
0 0.8324218750000001 0.515625 0.07421875 0.09375
0 0.5640625 0.41302083333333334 0.09062500000000001 0.11770833333333333
0 0.8679687500000001 0.6104166666666666 0.065625 0.09375
0 0.970703125 0.6291666666666667 0.05078125 0.10625
0 0.915625 0.7114583333333333 0.065625 0.10208333333333333
0 0.8718750000000001 0.8729166666666667 0.06875 0.1125
0 0.8132812500000001 0.9010416666666666 0.0734375 0.09583333333333333
0 0.730078125 0.8572916666666667 0.07421875 0.09583333333333333
0 0.49726562500000004 0.9526041666666667 0.05234375 0.057291666666666664
0 0.52890625 0.8739583333333333 0.059375000000000004 0.06666666666666667
0 0.269140625 0.6828125 0.03359375 0.04479166666666667
