0 0.18476562500000002 0.18541666666666667 0.049218750000000006 0.058333333333333334
0 0.141015625 0.15208333333333332 0.03828125 0.052083333333333336
0 0.32460937500000003 0.03697916666666667 0.06953125 0.071875
0 0.533203125 0.08854166666666667 0.041406250000000006 0.0625
0 0.528515625 0.14166666666666666 0.04296875 0.04791666666666666
0 0.79609375 0.4302083333333333 0.078125 0.10833333333333334
0 0.7605468750000001 0.5348958333333333 0.07734375 0.096875
0 0.8859375 0.5234375 0.060937500000000006 0.103125
0 0.8796875000000001 0.3260416666666667 0.08125 0.10833333333333334
0 0.85859375 0.7098958333333333 0.065625 0.096875
0 0.8187500000000001 0.8416666666666667 0.06875 0.09791666666666667
0 0.13125 0.59375 0.059375000000000004 0.08958333333333333
0 0.26953125 0.5229166666666667 0.043750000000000004 0.08958333333333333
0 0.44765625000000003 0.45729166666666665 0.08281250000000001 0.09166666666666666
0 0.47890625000000003 0.3963541666666667 0.0671875 0.07604166666666666
0 0.369140625 0.6875 0.04296875 0.05625
0 0.36757812500000003 0.6401041666666667 0.04453125 0.05520833333333333
0 0.4734375 0.7151041666666667 0.040625 0.057291666666666664
0 0.555078125 0.7921875 0.03828125 0.042708333333333334
0 0.51171875 0.8781249999999999 0.06406250000000001 0.08125
0 0.470703125 0.15416666666666667 0.039843750000000004 0.041666666666666664
0 0.198046875 0.9255208333333333 0.06953125 0.09270833333333334
