0 0.41132812500000004 0.18541666666666667 0.07109375 0.10208333333333333
0 0.1875 0.041666666666666664 0.08281250000000001 0.08125
0 0.26210937500000003 0.03697916666666667 0.07734375 0.071875
0 0.2109375 0.5057291666666667 0.078125 0.09895833333333333
0 0.388671875 0.5338541666666666 0.08046875 0.11145833333333333
0 0.55 0.5411458333333333 0.0859375 0.121875
0 0.49453125000000003 0.496875 0.060937500000000006 0.10625
0 0.607421875 0.5234375 0.05859375 0.084375
0 0.8078125 0.40260416666666665 0.084375 0.10104166666666667
0 0.774609375 0.05677083333333333 0.08359375000000001 0.10520833333333333
0 0.839453125 0.0984375 0.07265625 0.11354166666666667
0 0.680859375 0.026041666666666668 0.07265625 0.05
0 0.9359375000000001 0.09270833333333334 0.08125 0.10833333333333334
0 0.93125 0.17239583333333333 0.09062500000000001 0.071875
0 0.8152343750000001 0.9234375 0.07578125000000001 0.109375
0 0.6468750000000001 0.696875 0.078125 0.10416666666666667
0 0.574609375 0.7171875 0.07890625000000001 0.10520833333333333
0 0.508203125 0.7291666666666666 0.07734375 0.1125
0 0.38515625000000003 0.6505208333333333 0.0859375 0.11145833333333333
0 0.241015625 0.6411458333333333 0.06953125 0.09479166666666666
0 0.18984375 0.6708333333333333 0.07187500000000001 0.09166666666666666
0 0.035937500000000004 0.6666666666666666 0.0703125 0.10416666666666667
0 0.025390625 0.7942708333333334 0.049218750000000006 0.08645833333333333
0 0.046484375 0.8624999999999999 0.06953125 0.09791666666666667
0 0.03828125 0.9583333333333334 0.07500000000000001 0.075
0 0.405859375 0.7994791666666666 0.06328125 0.06770833333333333
0 0.41835937500000003 0.9401041666666666 0.022656250000000003 0.02395833333333333
0 0.46953125 0.9583333333333334 0.0234375 0.025
