0 0.259765625 0.06875 0.11484375000000001 0.13333333333333333
0 0.32656250000000003 0.1484375 0.09843750000000001 0.11770833333333333
0 0.49296875 0.11458333333333333 0.09375 0.13541666666666666
0 0.659375 0.1203125 0.12187500000000001 0.159375
0 0.727734375 0.07708333333333334 0.09765625 0.15
0 0.780859375 0.057812499999999996 0.07734375 0.11354166666666667
0 0.901953125 0.2921875 0.049218750000000006 0.071875
0 0.8640625000000001 0.3234375 0.0484375 0.065625
0 0.9593750000000001 0.5864583333333333 0.08125 0.13958333333333334
0 0.7671875 0.7296875 0.1078125 0.14479166666666665
0 0.8523437500000001 0.7151041666666667 0.0765625 0.13020833333333334
0 0.8832031250000001 0.9640624999999999 0.09921875000000001 0.06354166666666666
0 0.6890625 0.8333333333333334 0.09375 0.12083333333333333
0 0.614453125 0.778125 0.08203125 0.12083333333333333
0 0.597265625 0.5859375 0.11015625000000001 0.146875
0 0.523828125 0.6796875 0.10078125 0.14270833333333333
0 0.45234375000000004 0.7713541666666667 0.1078125 0.13854166666666667
0 0.35468750000000004 0.7755208333333333 0.1 0.12395833333333334
0 0.327734375 0.6921875 0.08359375000000001 0.11770833333333333
0 0.31757812500000004 0.5651041666666666 0.08984375 0.12395833333333334
0 0.234765625 0.5755208333333334 0.08046875 0.096875
0 0.19453125000000002 0.7630208333333334 0.08281250000000001 0.121875
0 0.050390625 0.728125 0.07734375 0.09583333333333333
0 0.076171875 0.37447916666666664 0.03671875 0.053125
0 0.11796875000000001 0.2859375 0.0390625 0.051041666666666666
0 0.094140625 0.265625 0.03671875 0.04375
0 0.169921875 0.21875 0.03671875 0.05
0 0.1953125 0.24270833333333333 0.0328125 0.04791666666666666
0 0.248046875 0.20625 0.03671875 0.04583333333333333
0 0.31796875 0.2578125 0.0421875 0.057291666666666664
0 0.550390625 0.29583333333333334 0.04609375 0.06041666666666667
0 0.6199218750000001 0.24479166666666666 0.03828125 0.03958333333333333
0 0.6746093750000001 0.24947916666666667 0.03828125 0.057291666666666664
0 0.09765625 0.0265625 0.0390625 0.046875
