0 0.220703125 0.3828125 0.09921875000000001 0.13854166666666667
0 0.37421875000000004 0.10833333333333334 0.1015625 0.13333333333333333
0 0.796484375 0.050520833333333334 0.10859375 0.09895833333333333
0 0.636328125 0.04739583333333333 0.08671875000000001 0.090625
0 0.773046875 0.46041666666666664 0.08046875 0.11458333333333333
0 0.851171875 0.7578125 0.08203125 0.10520833333333333
0 0.921875 0.7234375 0.07187500000000001 0.10729166666666666
0 0.5453125 0.9447916666666667 0.08125 0.09166666666666666
0 0.48359375000000004 0.9692708333333333 0.07187500000000001 0.06145833333333333
0 0.370703125 0.9255208333333333 0.07890625000000001 0.09270833333333334
0 0.40703125 0.578125 0.10312500000000001 0.12916666666666665
0 0.5 0.5473958333333333 0.0921875 0.134375
0 0.140625 0.8260416666666667 0.078125 0.09791666666666667
0 0.54140625 0.6729166666666666 0.084375 0.11666666666666667
0 0.6214843750000001 0.6635416666666667 0.07578125000000001 0.11041666666666666
0 0.6390625000000001 0.5473958333333333 0.08750000000000001 0.12395833333333334
0 0.7136718750000001 0.6489583333333333 0.08515625 0.10208333333333333
0 0.6171875 0.1375 0.1 0.09791666666666667
0 0.778515625 0.21770833333333334 0.04453125 0.058333333333333334
0 0.732421875 0.2604166666666667 0.047656250000000004 0.058333333333333334
0 0.684765625 0.2838541666666667 0.05390625 0.065625
0 0.72421875 0.2 0.040625 0.04583333333333333
0 0.045312500000000006 0.5890625 0.0890625 0.109375
