0 0.140234375 0.41041666666666665 0.06953125 0.1
0 0.14179687500000002 0.5005208333333333 0.08359375000000001 0.10729166666666666
0 0.17929687500000002 0.6057291666666667 0.06484375 0.08854166666666667
0 0.228515625 0.5640625 0.06640625 0.096875
0 0.300390625 0.3442708333333333 0.07890625000000001 0.109375
0 0.20390625 0.0890625 0.03125 0.040625
0 0.1796875 0.08125 0.028125 0.03125
0 0.33515625000000004 0.5583333333333333 0.07968750000000001 0.10208333333333333
0 0.429296875 0.5494791666666666 0.08671875000000001 0.11770833333333333
0 0.494921875 0.45208333333333334 0.09296875 0.11041666666666666
0 0.82734375 0.2171875 0.0859375 0.13854166666666667
0 0.904296875 0.20260416666666667 0.08515625 0.11145833333333333
0 0.89375 0.5078125 0.08281250000000001 0.10104166666666667
0 0.94921875 0.6630208333333333 0.08281250000000001 0.11562499999999999
0 0.857421875 0.7203125 0.07421875 0.11354166666666667
0 0.759375 0.9015624999999999 0.084375 0.10104166666666667
0 0.38203125000000004 0.7479166666666667 0.096875 0.125
0 0.43007812500000003 0.6630208333333333 0.09296875 0.11354166666666667
