0 0.19648437500000002 0.9270833333333334 0.07421875 0.08541666666666667
0 0.51484375 0.8791666666666667 0.0734375 0.07916666666666666
0 0.553125 0.7875 0.035937500000000004 0.041666666666666664
0 0.819921875 0.8385416666666666 0.06171875 0.08333333333333333
0 0.85859375 0.7020833333333333 0.0671875 0.09791666666666667
0 0.883984375 0.5192708333333333 0.06484375 0.096875
0 0.7625000000000001 0.5359375 0.078125 0.096875
0 0.79453125 0.4296875 0.084375 0.10729166666666666
0 0.876953125 0.328125 0.07421875 0.10833333333333334
0 0.536328125 0.08958333333333333 0.03828125 0.0625
0 0.531640625 0.13489583333333333 0.039843750000000004 0.059375
0 0.46992187500000004 0.15104166666666666 0.03671875 0.04583333333333333
0 0.32656250000000003 0.041666666666666664 0.07187500000000001 0.08125
0 0.18710937500000002 0.1859375 0.047656250000000004 0.059375
0 0.1421875 0.1515625 0.045312500000000006 0.059375
0 0.12460937500000001 0.5973958333333333 0.047656250000000004 0.06979166666666667
0 0.2703125 0.5296875 0.043750000000000004 0.096875
0 0.44843750000000004 0.4609375 0.08281250000000001 0.103125
0 0.47734375 0.39479166666666665 0.065625 0.0625
0 0.3640625 0.684375 0.0390625 0.05
0 0.47578125000000004 0.7130208333333333 0.05 0.065625
