0 0.1484375 0.5802083333333333 0.0859375 0.12083333333333333
0 0.22226562500000002 0.5880208333333333 0.07109375 0.10729166666666666
0 0.40273437500000003 0.25625 0.11328125 0.13333333333333333
0 0.5339843750000001 0.0703125 0.10703125000000001 0.13854166666666667
0 0.770703125 0.2677083333333333 0.05234375 0.06041666666666667
0 0.7117187500000001 0.27239583333333334 0.05 0.06145833333333333
0 0.796484375 0.12708333333333333 0.04296875 0.05625
0 0.97421875 0.5177083333333333 0.051562500000000004 0.11041666666666666
0 0.9144531250000001 0.5625 0.06953125 0.10625
0 0.84921875 0.5473958333333333 0.06875 0.08854166666666667
0 0.9085937500000001 0.8005208333333333 0.08281250000000001 0.11145833333333333
0 0.8421875000000001 0.7869791666666667 0.078125 0.109375
0 0.81640625 0.6833333333333333 0.07968750000000001 0.1125
0 0.653515625 0.5791666666666666 0.05234375 0.06875
0 0.474609375 0.6177083333333333 0.08828125 0.11458333333333333
0 0.41015625 0.7463541666666667 0.09375 0.128125
0 0.41250000000000003 0.8635416666666667 0.09531250000000001 0.09791666666666667
0 0.275390625 0.7541666666666667 0.08828125 0.12916666666666665
0 0.06953125 0.7296875 0.07500000000000001 0.090625
0 0.028515625000000003 0.058854166666666666 0.055468750000000004 0.11562499999999999
0 0.109765625 0.16614583333333333 0.02734375 0.026041666666666668
0 0.57265625 0.7010416666666667 0.0171875 0.027083333333333334
0 0.6199218750000001 0.70625 0.01953125 0.022916666666666665
0 0.6527343750000001 0.7046875 0.022656250000000003 0.026041666666666668
0 0.480078125 0.7671875 0.02421875 0.028125
