0 0.23398437500000002 0.2859375 0.09609375 0.146875
0 0.339453125 0.26145833333333335 0.11171875 0.14375
0 0.342578125 0.4161458333333333 0.09453125000000001 0.11770833333333333
0 0.30312500000000003 0.5208333333333334 0.10312500000000001 0.11875
0 0.8324218750000001 0.6145833333333334 0.08203125 0.10833333333333334
0 0.710546875 0.7078125 0.08515625 0.103125
0 0.659375 0.7385416666666667 0.0703125 0.11666666666666667
0 0.865234375 0.7802083333333333 0.08203125 0.11458333333333333
0 0.948828125 0.7890625 0.07890625000000001 0.11770833333333333
0 0.911328125 0.8713541666666667 0.07734375 0.08020833333333333
0 0.7125 0.8390624999999999 0.07968750000000001 0.09895833333333333
0 0.571875 0.44166666666666665 0.043750000000000004 0.05416666666666667
0 0.702734375 0.18072916666666666 0.04453125 0.07395833333333333
0 0.523046875 0.6104166666666666 0.03671875 0.05
0 0.48554687500000004 0.609375 0.032031250000000004 0.04791666666666666
0 0.17304687500000002 0.3921875 0.08046875 0.10729166666666666
0 0.0890625 0.4380208333333333 0.09375 0.09479166666666666
0 0.18984375 0.10729166666666666 0.078125 0.14791666666666667
0 0.055859375 0.071875 0.032031250000000004 0.04375
0 0.020703125000000003 0.11510416666666666 0.03515625 0.04895833333333333
0 0.5789062500000001 0.026041666666666668 0.07968750000000001 0.05
0 0.467578125 0.2484375 0.025781250000000002 0.03854166666666667
