0 0.209765625 0.2598958333333333 0.10390625 0.140625
0 0.109765625 0.28125 0.09453125000000001 0.13333333333333333
0 0.08359375000000001 0.10729166666666666 0.0734375 0.13125
0 0.44062500000000004 0.020833333333333332 0.0890625 0.03958333333333333
0 0.626171875 0.15104166666666666 0.02734375 0.05416666666666667
0 0.66328125 0.16458333333333333 0.0421875 0.05416666666666667
0 0.7000000000000001 0.10364583333333333 0.046875 0.059375
0 0.80625 0.0296875 0.0671875 0.05520833333333333
0 0.9125000000000001 0.5588541666666667 0.0765625 0.10729166666666666
0 0.8539062500000001 0.47291666666666665 0.084375 0.11041666666666666
0 0.78125 0.45625 0.0421875 0.05416666666666667
0 0.516796875 0.4380208333333333 0.049218750000000006 0.057291666666666664
0 0.708203125 0.6166666666666667 0.08828125 0.11875
0 0.8347656250000001 0.7869791666666667 0.07890625000000001 0.11354166666666667
0 0.8890625000000001 0.9302083333333333 0.08750000000000001 0.12291666666666666
0 0.8011718750000001 0.8635416666666667 0.08046875 0.1125
0 0.7546875000000001 0.7791666666666667 0.08281250000000001 0.12916666666666665
0 0.8636718750000001 0.6895833333333333 0.08359375000000001 0.10625
0 0.601171875 0.8380208333333333 0.08359375000000001 0.10729166666666666
0 0.590234375 0.7020833333333333 0.08046875 0.10625
0 0.62890625 0.7171875 0.07500000000000001 0.10729166666666666
0 0.5457031250000001 0.7291666666666666 0.07265625 0.10625
0 0.46718750000000003 0.6083333333333333 0.040625 0.05625
0 0.43046875 0.6036458333333333 0.0328125 0.04895833333333333
0 0.381640625 0.58125 0.04296875 0.04791666666666666
0 0.3609375 0.5041666666666667 0.08750000000000001 0.11458333333333333
0 0.18867187500000002 0.50625 0.09453125000000001 0.1125
0 0.2265625 0.4067708333333333 0.096875 0.12395833333333334
0 0.071484375 0.3885416666666667 0.07890625000000001 0.12083333333333333
0 0.22578125000000002 0.018229166666666668 0.0625 0.034375
0 0.486328125 0.221875 0.02109375 0.025
0 0.43398437500000003 0.10729166666666666 0.02109375 0.027083333333333334
0 0.48359375000000004 0.12760416666666666 0.0234375 0.030208333333333334
0 0.30976562500000004 0.23020833333333332 0.02421875 0.03333333333333333
