0 0.125 0.5223958333333333 0.1 0.11562499999999999
0 0.059765625 0.6661458333333333 0.08984375 0.10729166666666666
0 0.24531250000000002 0.6151041666666667 0.09843750000000001 0.11145833333333333
0 0.547265625 0.6984375 0.10078125 0.11979166666666667
0 0.49062500000000003 0.8067708333333333 0.09375 0.11562499999999999
0 0.49335937500000004 0.9057291666666667 0.09765625 0.10520833333333333
0 0.705078125 0.6458333333333334 0.09140625000000001 0.12916666666666665
0 0.8910156250000001 0.571875 0.08828125 0.125
0 0.958984375 0.2140625 0.07890625000000001 0.128125
0 0.27578125000000003 0.06145833333333333 0.045312500000000006 0.06041666666666667
0 0.287890625 0.21927083333333333 0.039843750000000004 0.046875
