0 0.046875 0.5625 0.07968750000000001 0.11041666666666666
0 0.25234375000000003 0.4244791666666667 0.07187500000000001 0.10104166666666667
0 0.48203125 0.45260416666666664 0.09062500000000001 0.11562499999999999
0 0.56796875 0.7302083333333333 0.0890625 0.11875
0 0.7250000000000001 0.7015625 0.078125 0.09270833333333334
0 0.6640625 0.7125 0.08281250000000001 0.11666666666666667
0 0.8582031250000001 0.6802083333333333 0.08046875 0.11875
0 0.9730468750000001 0.6583333333333333 0.049218750000000006 0.12083333333333333
0 0.9695312500000001 0.8276041666666667 0.060937500000000006 0.10520833333333333
0 0.860546875 0.8598958333333333 0.06953125 0.08645833333333333
0 0.78515625 0.7817708333333333 0.078125 0.09895833333333333
0 0.3015625 0.9494791666666667 0.0859375 0.096875
0 0.37148437500000003 0.7723958333333333 0.06328125 0.11354166666666667
0 0.44453125000000004 0.753125 0.05 0.1
0 0.158203125 0.7177083333333333 0.07890625000000001 0.10416666666666667
0 0.08671875000000001 0.7354166666666666 0.07187500000000001 0.10416666666666667
0 0.373828125 0.09479166666666666 0.08984375 0.11458333333333333
0 0.5359375000000001 0.05416666666666667 0.1015625 0.10625
0 0.6039062500000001 0.049479166666666664 0.0734375 0.096875
0 0.515625 0.16979166666666667 0.059375000000000004 0.09375
0 0.39765625000000004 0.1671875 0.0859375 0.09479166666666666
0 0.30625 0.1109375 0.07500000000000001 0.11354166666666667
0 0.22109375 0.078125 0.0859375 0.1
0 0.172265625 0.04114583333333333 0.07109375 0.08020833333333333
0 0.983984375 0.19791666666666666 0.032031250000000004 0.13125
0 0.9304687500000001 0.18645833333333334 0.07500000000000001 0.11666666666666667
0 0.7640625000000001 0.24791666666666667 0.05 0.058333333333333334
0 0.6628906250000001 0.2609375 0.04296875 0.057291666666666664
0 0.50234375 0.33541666666666664 0.0859375 0.09583333333333333
0 0.32929687500000004 0.34322916666666664 0.07734375 0.06354166666666666
