0 0.361328125 0.5421875 0.07578125000000001 0.103125
0 0.217578125 0.5682291666666667 0.07421875 0.09270833333333334
0 0.366015625 0.2796875 0.047656250000000004 0.06354166666666666
0 0.4578125 0.25 0.037500000000000006 0.058333333333333334
0 0.8425781250000001 0.4875 0.08359375000000001 0.11666666666666667
0 0.9769531250000001 0.46770833333333334 0.04609375 0.10625
0 0.77734375 0.4401041666666667 0.0765625 0.11979166666666667
0 0.31328125 0.5807291666666666 0.078125 0.10104166666666667
0 0.287109375 0.8317708333333333 0.08515625 0.11979166666666667
0 0.19882812500000002 0.7046875 0.07890625000000001 0.109375
0 0.5578125 0.7322916666666667 0.0203125 0.027083333333333334
0 0.5261718750000001 0.8161458333333333 0.022656250000000003 0.034375
0 0.505078125 0.8067708333333333 0.017968750000000002 0.03229166666666666
0 0.3171875 0.9671875 0.021875000000000002 0.030208333333333334
0 0.155078125 0.7776041666666667 0.022656250000000003 0.030208333333333334
0 0.102734375 0.7265625 0.017968750000000002 0.02395833333333333
0 0.153125 0.7302083333333333 0.018750000000000003 0.022916666666666665
0 0.471484375 0.12552083333333333 0.039843750000000004 0.051041666666666666
0 0.47773437500000004 0.057812499999999996 0.041406250000000006 0.059375
0 0.835546875 0.5989583333333334 0.01953125 0.029166666666666667
0 0.7664062500000001 0.5802083333333333 0.0171875 0.022916666666666665
0 0.775390625 0.6276041666666666 0.01953125 0.02395833333333333
0 0.59296875 0.6463541666666667 0.018750000000000003 0.021875
0 0.498828125 0.5453125 0.01640625 0.02395833333333333
