0 0.14765625000000002 0.2109375 0.0328125 0.057291666666666664
0 0.109765625 0.2171875 0.03359375 0.04895833333333333
0 0.08828125 0.057812499999999996 0.034375 0.051041666666666666
0 0.262890625 0.14114583333333333 0.039843750000000004 0.057291666666666664
0 0.21601562500000002 0.22395833333333334 0.03671875 0.04791666666666666
0 0.25546875 0.6072916666666667 0.0765625 0.11666666666666667
0 0.335546875 0.6026041666666666 0.08046875 0.10520833333333333
0 0.49257812500000003 0.5692708333333333 0.047656250000000004 0.06145833333333333
0 0.5796875 0.5338541666666666 0.08750000000000001 0.12604166666666666
0 0.763671875 0.5010416666666666 0.07578125000000001 0.11041666666666666
0 0.8890625000000001 0.3807291666666667 0.084375 0.12395833333333334
0 0.60703125 0.86875 0.043750000000000004 0.04583333333333333
0 0.63984375 0.7833333333333333 0.0421875 0.05
0 0.663671875 0.6755208333333333 0.041406250000000006 0.046875
0 0.48281250000000003 0.8416666666666667 0.040625 0.05625
0 0.521484375 0.8541666666666666 0.04453125 0.058333333333333334
0 0.102734375 0.9020833333333333 0.07421875 0.075
0 0.15781250000000002 0.7 0.08125 0.10208333333333333
0 0.08085937500000001 0.58125 0.08359375000000001 0.10833333333333334
0 0.15546875000000002 0.2890625 0.034375 0.051041666666666666
0 0.20234375000000002 0.6322916666666667 0.043750000000000004 0.04791666666666666
0 0.423828125 0.8265625 0.039843750000000004 0.059375
