0 0.2390625 0.5822916666666667 0.08750000000000001 0.12083333333333333
0 0.394140625 0.384375 0.08984375 0.11458333333333333
0 0.42226562500000003 0.1 0.08828125 0.11875
0 0.49375 0.08333333333333333 0.07187500000000001 0.1
0 0.6890625 0.090625 0.08750000000000001 0.11875
0 0.73984375 0.05416666666666667 0.08125 0.10208333333333333
0 0.796875 0.16354166666666667 0.09531250000000001 0.13125
0 0.9484375 0.259375 0.060937500000000006 0.07083333333333333
0 0.509375 0.6723958333333333 0.08125 0.109375
0 0.441015625 0.5921875 0.08984375 0.11354166666666667
0 0.521875 0.8161458333333333 0.043750000000000004 0.065625
0 0.475390625 0.8588541666666667 0.049218750000000006 0.06354166666666666
0 0.70078125 0.803125 0.0578125 0.06666666666666667
