0 0.109375 0.5807291666666666 0.08281250000000001 0.13229166666666667
0 0.19062500000000002 0.5973958333333333 0.0734375 0.09895833333333333
0 0.28515625 0.5796875 0.0765625 0.096875
0 0.46015625000000004 0.5322916666666666 0.09843750000000001 0.11666666666666667
0 0.54296875 0.4848958333333333 0.08750000000000001 0.12604166666666666
0 0.6828125 0.40260416666666665 0.078125 0.11145833333333333
0 0.780859375 0.35833333333333334 0.08828125 0.12708333333333333
0 0.91328125 0.2505208333333333 0.09375 0.13645833333333332
0 0.977734375 0.23541666666666666 0.04453125 0.1375
0 0.93125 0.4786458333333333 0.09062500000000001 0.11354166666666667
0 0.938671875 0.55625 0.03828125 0.05416666666666667
0 0.728515625 0.6432291666666666 0.08203125 0.10729166666666666
0 0.7621093750000001 0.4953125 0.06328125 0.08645833333333333
0 0.625 0.6171875 0.07500000000000001 0.09270833333333334
0 0.6570312500000001 0.7776041666666667 0.0546875 0.057291666666666664
0 0.540234375 0.56875 0.04296875 0.06041666666666667
0 0.439453125 0.5984375 0.041406250000000006 0.042708333333333334
0 0.45742187500000003 0.6630208333333333 0.025781250000000002 0.040625
0 0.269140625 0.7 0.06953125 0.10208333333333333
0 0.30312500000000003 0.7479166666666667 0.07500000000000001 0.11041666666666666
0 0.22812500000000002 0.7416666666666667 0.07187500000000001 0.10833333333333334
0 0.37890625 0.95 0.084375 0.08958333333333333
0 0.41132812500000004 0.9192708333333334 0.06640625 0.103125
0 0.30312500000000003 0.9104166666666667 0.08125 0.10208333333333333
0 0.273046875 0.9703125 0.06796875000000001 0.042708333333333334
0 0.098828125 0.9729166666666667 0.06953125 0.05416666666666667
0 0.31289062500000003 0.3932291666666667 0.041406250000000006 0.04895833333333333
0 0.349609375 0.40625 0.041406250000000006 0.05
0 0.432421875 0.41302083333333334 0.02890625 0.04479166666666667
0 0.18906250000000002 0.2015625 0.043750000000000004 0.071875
0 0.22382812500000002 0.1984375 0.032031250000000004 0.04895833333333333
0 0.3296875 0.03125 0.034375 0.04791666666666666
0 0.298046875 0.06822916666666666 0.032031250000000004 0.053125
0 0.32890625 0.14375 0.0390625 0.03958333333333333
0 0.6234375000000001 0.23229166666666667 0.018750000000000003 0.027083333333333334
0 0.6589843750000001 0.11875 0.01953125 0.03333333333333333
0 0.6156250000000001 0.09427083333333333 0.0203125 0.02395833333333333
0 0.8296875 0.058854166666666666 0.09843750000000001 0.11562499999999999
0 0.78046875 0.071875 0.06875 0.11666666666666667
0 0.722265625 0.07135416666666666 0.02109375 0.026041666666666668
0 0.6800781250000001 0.017708333333333333 0.02421875 0.03125
