0 0.532421875 0.5109375 0.08359375000000001 0.096875
0 0.5867187500000001 0.40729166666666666 0.07500000000000001 0.0875
0 0.6640625 0.5880208333333333 0.078125 0.09479166666666666
0 0.73203125 0.6182291666666666 0.08125 0.11770833333333333
0 0.7914062500000001 0.6760416666666667 0.059375000000000004 0.10208333333333333
0 0.830078125 0.20625 0.041406250000000006 0.07291666666666667
0 0.478515625 0.13802083333333334 0.07734375 0.103125
0 0.34453125 0.17708333333333334 0.06875 0.09166666666666666
0 0.059765625 0.13177083333333334 0.08515625 0.11562499999999999
0 0.19062500000000002 0.6625 0.0734375 0.10416666666666667
0 0.263671875 0.26510416666666664 0.041406250000000006 0.078125
0 0.276953125 0.1328125 0.05078125 0.065625
0 0.49648437500000003 0.8145833333333333 0.07109375 0.09375
0 0.909375 0.621875 0.065625 0.11041666666666666
0 0.09453125000000001 0.30625 0.08125 0.08958333333333333
