0 0.32851562500000003 0.20989583333333334 0.10078125 0.12604166666666666
0 0.18046875 0.028125 0.0390625 0.03958333333333333
0 0.374609375 0.053125 0.11328125 0.10416666666666667
0 0.491796875 0.14635416666666667 0.10078125 0.13854166666666667
0 0.5144531250000001 0.425 0.12109375 0.12291666666666666
0 0.571875 0.35052083333333334 0.084375 0.11562499999999999
0 0.7718750000000001 0.5614583333333333 0.115625 0.13958333333333334
0 0.7015625000000001 0.6994791666666667 0.09531250000000001 0.12395833333333334
0 0.7890625 0.6697916666666667 0.0921875 0.1125
0 0.75703125 0.784375 0.1015625 0.13541666666666666
0 0.7039062500000001 0.8786458333333333 0.1015625 0.11979166666666667
0 0.7855468750000001 0.8541666666666666 0.07734375 0.075
0 0.57421875 0.8994791666666666 0.0859375 0.10104166666666667
0 0.49609375 0.9369791666666667 0.09843750000000001 0.11145833333333333
0 0.257421875 0.584375 0.08828125 0.11666666666666667
0 0.32656250000000003 0.5838541666666667 0.051562500000000004 0.10729166666666666
0 0.14179687500000002 0.6869791666666667 0.08359375000000001 0.090625
0 0.0390625 0.6546875 0.0765625 0.121875
0 0.8234375 0.9249999999999999 0.045312500000000006 0.06458333333333333
