0 0.31289062500000003 0.21875 0.07734375 0.11875
0 0.37109375 0.17291666666666666 0.078125 0.11875
0 0.471484375 0.0828125 0.08828125 0.128125
0 0.62421875 0.03958333333333333 0.09531250000000001 0.07708333333333334
0 0.5144531250000001 0.30416666666666664 0.04453125 0.052083333333333336
0 0.3921875 0.4109375 0.046875 0.05520833333333333
0 0.31875000000000003 0.4713541666666667 0.0625 0.06979166666666667
0 0.09453125000000001 0.08958333333333333 0.037500000000000006 0.03958333333333333
0 0.20703125 0.0859375 0.0703125 0.08854166666666667
0 0.115625 0.6723958333333333 0.08125 0.11770833333333333
0 0.312109375 0.8036458333333333 0.07265625 0.10729166666666666
0 0.26640625 0.7838541666666666 0.053125000000000006 0.090625
0 0.365234375 0.6651041666666666 0.06953125 0.084375
0 0.30585937500000004 0.94375 0.05390625 0.04791666666666666
0 0.476171875 0.7390625 0.07421875 0.10104166666666667
0 0.552734375 0.6578125 0.06796875000000001 0.10520833333333333
0 0.6214843750000001 0.6755208333333333 0.07421875 0.08645833333333333
0 0.640234375 0.9432291666666667 0.04296875 0.04895833333333333
0 0.9617187500000001 0.5609375 0.0765625 0.109375
0 0.970703125 0.375 0.04296875 0.05625
0 0.135546875 0.27708333333333335 0.01953125 0.025
0 0.09921875000000001 0.14114583333333333 0.021875000000000002 0.026041666666666668
0 0.08828125 0.22552083333333334 0.0203125 0.028125
