0 0.50703125 0.10989583333333333 0.11875000000000001 0.15729166666666666
0 0.5859375 0.07083333333333333 0.10625000000000001 0.13958333333333334
0 0.6625000000000001 0.05364583333333333 0.0734375 0.10520833333333333
0 0.37226562500000004 0.10520833333333333 0.08359375000000001 0.12916666666666665
0 0.187890625 0.13125 0.08671875000000001 0.15
0 0.125 0.06927083333333334 0.109375 0.13645833333333332
0 0.07773437500000001 0.28229166666666666 0.03671875 0.04583333333333333
0 0.46484375 0.5828125 0.10625000000000001 0.13854166666666667
0 0.385546875 0.6708333333333333 0.10546875 0.14375
0 0.3203125 0.7604166666666666 0.09843750000000001 0.1375
0 0.624609375 0.7234375 0.11796875000000001 0.13645833333333332
0 0.731640625 0.7098958333333333 0.10078125 0.134375
0 0.8386718750000001 0.5833333333333334 0.10078125 0.13541666666666666
0 0.9851562500000001 0.340625 0.029687500000000002 0.12708333333333333
0 0.853515625 0.2833333333333333 0.049218750000000006 0.06875
0 0.818359375 0.31875 0.047656250000000004 0.06875
0 0.6257812500000001 0.24322916666666666 0.0421875 0.051041666666666666
0 0.495703125 0.2921875 0.05078125 0.06770833333333333
0 0.294921875 0.3223958333333333 0.04453125 0.051041666666666666
0 0.203125 0.6786458333333333 0.08281250000000001 0.11562499999999999
0 0.22890625 0.7614583333333333 0.084375 0.11458333333333333
0 0.078125 0.7473958333333334 0.07968750000000001 0.109375
0 0.1703125 0.9796874999999999 0.08125 0.040625
0 0.76484375 0.9645833333333333 0.09531250000000001 0.07083333333333333
0 0.568359375 0.8286458333333333 0.09296875 0.11770833333333333
0 0.49453125000000003 0.7692708333333333 0.084375 0.11562499999999999
0 0.43281250000000004 0.9609375 0.043750000000000004 0.04895833333333333
0 0.3875 0.9755208333333333 0.0203125 0.026041666666666668
0 0.32265625000000003 0.9505208333333334 0.018750000000000003 0.02395833333333333
0 0.2015625 0.5536458333333333 0.08125 0.12395833333333334
0 0.12187500000000001 0.5630208333333333 0.078125 0.103125
0 0.127734375 0.21822916666666667 0.030468750000000003 0.042708333333333334
0 0.15156250000000002 0.23802083333333332 0.0328125 0.04479166666666667
0 0.3515625 0.23072916666666665 0.029687500000000002 0.04479166666666667
0 0.269140625 0.25 0.041406250000000006 0.04791666666666666
0 0.040234375 0.371875 0.03671875 0.05
