0 0.030468750000000003 0.4973958333333333 0.059375000000000004 0.12395833333333334
0 0.10546875 0.49947916666666664 0.08750000000000001 0.12604166666666666
0 0.1859375 0.4192708333333333 0.1015625 0.128125
0 0.114453125 0.3734375 0.07734375 0.11979166666666667
0 0.08203125 0.26666666666666666 0.0484375 0.06041666666666667
0 0.30976562500000004 0.14895833333333333 0.03828125 0.06458333333333333
0 0.37265625 0.4453125 0.07968750000000001 0.10729166666666666
0 0.49531250000000004 0.6005208333333333 0.0734375 0.084375
0 0.56015625 0.5229166666666667 0.07500000000000001 0.11666666666666667
0 0.65546875 0.46875 0.08125 0.10416666666666667
0 0.6238281250000001 0.56875 0.06484375 0.1125
0 0.956640625 0.5458333333333333 0.06484375 0.09583333333333333
0 0.9222656250000001 0.19114583333333332 0.04609375 0.057291666666666664
0 0.8679687500000001 0.1953125 0.043750000000000004 0.06770833333333333
0 0.9300781250000001 0.8583333333333333 0.06328125 0.08125
