0 0.036328125 0.5140625 0.06953125 0.11562499999999999
0 0.1234375 0.5015625 0.09843750000000001 0.134375
0 0.168359375 0.6104166666666666 0.08984375 0.11875
0 0.205859375 0.5192708333333333 0.08984375 0.140625
0 0.22968750000000002 0.3692708333333333 0.096875 0.11562499999999999
0 0.298828125 0.43124999999999997 0.10703125000000001 0.13125
0 0.16132812500000002 0.2760416666666667 0.03671875 0.05416666666666667
0 0.491796875 0.4515625 0.08359375000000001 0.109375
0 0.609375 0.6135416666666667 0.0765625 0.09791666666666667
0 0.6644531250000001 0.5369791666666667 0.06328125 0.10104166666666667
0 0.759375 0.47604166666666664 0.078125 0.10833333333333334
0 0.7332031250000001 0.5734375 0.06328125 0.09895833333333333
