0 0.467578125 0.5828125 0.10703125000000001 0.14479166666666665
0 0.62265625 0.7171875 0.1171875 0.140625
0 0.8382812500000001 0.5791666666666666 0.096875 0.13541666666666666
0 0.7328125000000001 0.7161458333333334 0.1 0.146875
0 0.563671875 0.8427083333333333 0.08828125 0.13333333333333333
0 0.509765625 0.11875 0.12265625000000001 0.1625
0 0.584375 0.071875 0.109375 0.14166666666666666
0 0.665234375 0.05260416666666667 0.08203125 0.09479166666666666
0 0.37226562500000004 0.10677083333333333 0.07421875 0.11770833333333333
0 0.12382812500000001 0.06927083333333334 0.10703125000000001 0.13020833333333334
0 0.11875000000000001 0.5609375 0.0765625 0.09270833333333334
0 0.193359375 0.5552083333333333 0.07421875 0.11875
0 0.316015625 0.75625 0.09765625 0.12708333333333333
0 0.388671875 0.6677083333333333 0.10390625 0.13541666666666666
0 0.199609375 0.68125 0.07890625000000001 0.11041666666666666
0 0.498046875 0.28854166666666664 0.047656250000000004 0.06458333333333333
0 0.625 0.24270833333333333 0.040625 0.05
0 0.8148437500000001 0.3151041666666667 0.043750000000000004 0.06145833333333333
0 0.853515625 0.2817708333333333 0.04453125 0.071875
0 0.353515625 0.23020833333333332 0.03515625 0.04583333333333333
0 0.15195312500000002 0.23802083333333332 0.03359375 0.04895833333333333
0 0.268359375 0.24010416666666667 0.04453125 0.040625
