0 0.314453125 0.190625 0.08828125 0.11458333333333333
0 0.158984375 0.6411458333333333 0.08359375000000001 0.103125
0 0.110546875 0.6708333333333333 0.07734375 0.1
0 0.38515625000000003 0.61875 0.0734375 0.11875
0 0.857421875 0.09479166666666666 0.07890625000000001 0.1125
0 0.697265625 0.044270833333333336 0.07578125000000001 0.08229166666666667
0 0.64765625 0.1 0.0671875 0.10416666666666667
0 0.78828125 0.28020833333333334 0.0734375 0.10625
0 0.7371093750000001 0.2713541666666667 0.05234375 0.10520833333333333
0 0.780859375 0.5708333333333333 0.06953125 0.1125
0 0.89453125 0.6380208333333334 0.0703125 0.10104166666666667
0 0.9089843750000001 0.7427083333333333 0.04609375 0.058333333333333334
0 0.848828125 0.6708333333333333 0.06015625 0.07708333333333334
0 0.270703125 0.2796875 0.049218750000000006 0.051041666666666666
0 0.302734375 0.24427083333333333 0.05078125 0.05520833333333333
0 0.421484375 0.1953125 0.02109375 0.03229166666666666
0 0.40742187500000004 0.20572916666666666 0.017968750000000002 0.03229166666666666
0 0.465625 0.058333333333333334 0.0203125 0.020833333333333332
0 0.52109375 0.09479166666666666 0.015625 0.025
0 0.50703125 0.06197916666666667 0.0203125 0.028125
0 0.63671875 0.35052083333333334 0.0171875 0.02395833333333333
0 0.459765625 0.2911458333333333 0.01953125 0.030208333333333334
0 0.45937500000000003 0.22916666666666666 0.025 0.020833333333333332
0 0.401171875 0.784375 0.025781250000000002 0.03125
0 0.37812500000000004 0.7703125 0.021875000000000002 0.021875
0 0.677734375 0.6911458333333333 0.022656250000000003 0.026041666666666668
0 0.616796875 0.8333333333333334 0.017968750000000002 0.025
0 0.58828125 0.8130208333333333 0.0203125 0.028125
0 0.6171875 0.9489583333333333 0.0171875 0.025
0 0.634375 0.8244791666666667 0.018750000000000003 0.026041666666666668
0 0.18867187500000002 0.4635416666666667 0.055468750000000004 0.08958333333333333
