0 0.096875 0.09427083333333333 0.08125 0.10520833333333333
0 0.10898437500000001 0.23072916666666665 0.03671875 0.05520833333333333
0 0.4703125 0.05625 0.0890625 0.11041666666666666
0 0.8539062500000001 0.05677083333333333 0.109375 0.10729166666666666
0 0.8250000000000001 0.1765625 0.096875 0.134375
0 0.7734375 0.6744791666666666 0.08125 0.121875
0 0.8382812500000001 0.7182291666666667 0.07500000000000001 0.121875
0 0.36562500000000003 0.6677083333333333 0.1 0.13541666666666666
0 0.338671875 0.7911458333333333 0.08359375000000001 0.11145833333333333
0 0.41132812500000004 0.928125 0.07265625 0.09791666666666667
0 0.090234375 0.6802083333333333 0.08515625 0.12291666666666666
0 0.28203125 0.590625 0.0546875 0.058333333333333334
0 0.350390625 0.5239583333333333 0.049218750000000006 0.075
