0 0.31640625 0.1875 0.0890625 0.1125
0 0.160546875 0.640625 0.08203125 0.10416666666666667
0 0.09765625 0.6677083333333333 0.051562500000000004 0.07083333333333333
0 0.385546875 0.6208333333333333 0.07421875 0.10625
0 0.40078125000000003 0.7833333333333333 0.025 0.03125
0 0.428515625 0.7869791666666667 0.02421875 0.028125
0 0.37890625 0.7703125 0.0203125 0.02395833333333333
0 0.58828125 0.8125 0.0203125 0.025
0 0.61640625 0.8338541666666667 0.0203125 0.026041666666666668
0 0.6328125 0.8260416666666667 0.0171875 0.027083333333333334
0 0.780859375 0.5703125 0.06953125 0.11145833333333333
0 0.892578125 0.6354166666666666 0.07109375 0.09791666666666667
0 0.853125 0.6713541666666667 0.060937500000000006 0.07395833333333333
0 0.90625 0.74375 0.040625 0.06041666666666667
0 0.78515625 0.278125 0.0703125 0.09583333333333333
0 0.857421875 0.09427083333333333 0.08046875 0.11145833333333333
0 0.6984375 0.04583333333333333 0.078125 0.07291666666666667
0 0.6472656250000001 0.09947916666666666 0.06015625 0.10104166666666667
0 0.697265625 0.12864583333333332 0.05234375 0.06979166666666667
0 0.7367187500000001 0.2713541666666667 0.05 0.09895833333333333
0 0.9636718750000001 0.184375 0.06328125 0.0875
0 0.421484375 0.19583333333333333 0.01953125 0.029166666666666667
0 0.46484375 0.058333333333333334 0.018750000000000003 0.025
0 0.373046875 0.078125 0.017968750000000002 0.025
0 0.5234375 0.09635416666666667 0.0203125 0.026041666666666668
0 0.516015625 0.1359375 0.02109375 0.028125
0 0.46132812500000003 0.23072916666666665 0.022656250000000003 0.02395833333333333
0 0.191796875 0.4661458333333333 0.06484375 0.096875
