0 0.484375 0.0921875 0.125 0.11562499999999999
0 0.658203125 0.0734375 0.07734375 0.06979166666666667
0 0.7347656250000001 0.057291666666666664 0.06484375 0.09583333333333333
0 0.85859375 0.1703125 0.084375 0.109375
0 0.950390625 0.24479166666666666 0.06015625 0.05416666666666667
0 0.8425781250000001 0.2895833333333333 0.08203125 0.10416666666666667
0 0.880078125 0.4328125 0.05390625 0.06770833333333333
0 0.4703125 0.671875 0.0765625 0.10625
0 0.56875 0.6953125 0.1 0.128125
0 0.094140625 0.7036458333333333 0.07734375 0.09479166666666666
0 0.48125 0.9541666666666666 0.07968750000000001 0.09166666666666666
0 0.56171875 0.9614583333333333 0.0734375 0.07291666666666667
0 0.05859375 0.209375 0.1 0.13125
