0 0.286328125 0.2796875 0.08671875000000001 0.11562499999999999
0 0.228515625 0.3416666666666667 0.07265625 0.10416666666666667
0 0.131640625 0.3463541666666667 0.06484375 0.08645833333333333
0 0.19453125000000002 0.15104166666666666 0.08125 0.11458333333333333
0 0.140234375 0.07916666666666666 0.06171875 0.0875
0 0.41523437500000004 0.12291666666666666 0.04609375 0.05
0 0.385546875 0.15677083333333333 0.039843750000000004 0.05520833333333333
0 0.5222656250000001 0.0328125 0.03828125 0.046875
0 0.32578125 0.4942708333333333 0.07968750000000001 0.10520833333333333
0 0.43789062500000003 0.5119791666666667 0.06640625 0.08854166666666667
0 0.508203125 0.4671875 0.08671875000000001 0.11145833333333333
0 0.5867187500000001 0.540625 0.07500000000000001 0.10416666666666667
0 0.65546875 0.5041666666666667 0.0765625 0.09375
0 0.7375 0.5135416666666667 0.0671875 0.08541666666666667
0 0.899609375 0.5864583333333333 0.07578125000000001 0.11041666666666666
0 0.4265625 0.640625 0.0671875 0.08125
0 0.39960937500000004 0.5572916666666666 0.09140625000000001 0.0875
0 0.326953125 0.6489583333333333 0.05859375 0.075
0 0.16367187500000002 0.7572916666666667 0.06484375 0.08958333333333333
0 0.675390625 0.9661458333333334 0.07421875 0.06770833333333333
0 0.868359375 0.9473958333333333 0.06171875 0.078125
0 0.6156250000000001 0.10729166666666666 0.037500000000000006 0.052083333333333336
0 0.76328125 0.0546875 0.021875000000000002 0.02395833333333333
