0 0.134765625 0.353125 0.08515625 0.12291666666666666
0 0.06953125 0.3796875 0.0703125 0.128125
0 0.0921875 0.6369791666666667 0.0890625 0.11354166666666667
0 0.119140625 0.7166666666666667 0.07109375 0.09375
0 0.282421875 0.6744791666666666 0.07578125000000001 0.09270833333333334
0 0.17890625000000002 0.9494791666666667 0.078125 0.09479166666666666
0 0.11992187500000001 0.9734375 0.07421875 0.053125
0 0.524609375 0.6260416666666666 0.07734375 0.10416666666666667
0 0.6062500000000001 0.60625 0.0703125 0.08541666666666667
0 0.547265625 0.7427083333333333 0.09296875 0.09791666666666667
0 0.737890625 0.7776041666666667 0.06953125 0.08645833333333333
0 0.7359375 0.8536458333333333 0.0625 0.09479166666666666
0 0.681640625 0.859375 0.07421875 0.10208333333333333
0 0.77734375 0.6421875 0.0734375 0.09479166666666666
0 0.9792968750000001 0.6479166666666667 0.041406250000000006 0.11875
0 0.9871093750000001 0.47812499999999997 0.025781250000000002 0.12083333333333333
0 0.483203125 0.49895833333333334 0.09140625000000001 0.1125
0 0.56640625 0.46197916666666666 0.09531250000000001 0.090625
0 0.34492187500000004 0.47552083333333334 0.08515625 0.109375
0 0.38203125000000004 0.26510416666666664 0.026562500000000003 0.021875
0 0.371875 0.22864583333333333 0.0234375 0.026041666666666668
0 0.32929687500000004 0.1015625 0.07265625 0.096875
0 0.201953125 0.15 0.047656250000000004 0.075
0 0.21054687500000002 0.036458333333333336 0.06171875 0.07083333333333333
0 0.448046875 0.025520833333333333 0.09296875 0.04895833333333333
0 0.74765625 0.027604166666666666 0.078125 0.053125
0 0.64453125 0.028125 0.084375 0.05416666666666667
