0 0.41835937500000003 0.2916666666666667 0.09609375 0.125
0 0.5085937500000001 0.25677083333333334 0.09375 0.11770833333333333
0 0.580078125 0.09739583333333333 0.08515625 0.11562499999999999
0 0.665625 0.09583333333333333 0.07968750000000001 0.10208333333333333
0 0.74375 0.06822916666666666 0.09375 0.11354166666666667
0 0.9222656250000001 0.04895833333333333 0.041406250000000006 0.058333333333333334
0 0.7816406250000001 0.21510416666666665 0.039843750000000004 0.06354166666666666
0 0.9324218750000001 0.29270833333333335 0.05078125 0.06875
0 0.745703125 0.3109375 0.047656250000000004 0.06145833333333333
0 0.728515625 0.23697916666666666 0.041406250000000006 0.053125
0 0.562109375 0.6729166666666666 0.08984375 0.1125
0 0.64375 0.8114583333333333 0.084375 0.12291666666666666
0 0.751953125 0.8125 0.05234375 0.06041666666666667
0 0.8812500000000001 0.790625 0.09062500000000001 0.10625
0 0.916015625 0.6921875 0.07109375 0.09270833333333334
0 0.761328125 0.7223958333333333 0.08203125 0.10104166666666667
0 0.6863281250000001 0.7776041666666667 0.06171875 0.11145833333333333
0 0.58359375 0.8197916666666667 0.0734375 0.11875
0 0.470703125 0.7526041666666666 0.10546875 0.12395833333333334
0 0.39296875000000003 0.9135416666666667 0.09531250000000001 0.11875
0 0.6253906250000001 0.9135416666666667 0.049218750000000006 0.058333333333333334
0 0.1953125 0.88125 0.09531250000000001 0.13125
0 0.262890625 0.8739583333333333 0.06953125 0.11041666666666666
0 0.3375 0.6645833333333333 0.096875 0.13541666666666666
0 0.4140625 0.6307291666666667 0.07968750000000001 0.096875
0 0.197265625 0.4640625 0.08515625 0.10104166666666667
0 0.103515625 0.7776041666666667 0.08359375000000001 0.09479166666666666
0 0.203515625 0.6994791666666667 0.07734375 0.10729166666666666
0 0.06484375 0.7130208333333333 0.07500000000000001 0.090625
0 0.645703125 0.184375 0.04296875 0.04375
0 0.6875 0.19114583333333332 0.037500000000000006 0.05520833333333333
0 0.307421875 0.11979166666666667 0.017968750000000002 0.025
0 0.168359375 0.12604166666666666 0.01953125 0.027083333333333334
