0 0.2234375 0.19114583333333332 0.051562500000000004 0.051041666666666666
0 0.466796875 0.040625 0.10703125000000001 0.07916666666666666
0 0.5671875000000001 0.32760416666666664 0.046875 0.06354166666666666
0 0.8167968750000001 0.571875 0.10078125 0.12916666666666665
0 0.741796875 0.6625 0.09296875 0.12291666666666666
0 0.43789062500000003 0.8661458333333333 0.08671875000000001 0.096875
0 0.33984375 0.7588541666666666 0.09062500000000001 0.09895833333333333
0 0.23554687500000002 0.7026041666666667 0.09296875 0.11562499999999999
0 0.28164062500000003 0.234375 0.05234375 0.06666666666666667
0 0.35390625000000003 0.20104166666666667 0.037500000000000006 0.05
0 0.045312500000000006 0.0640625 0.0765625 0.11979166666666667
0 0.9554687500000001 0.09166666666666666 0.08281250000000001 0.1125
0 0.36562500000000003 0.9322916666666666 0.0765625 0.10416666666666667
0 0.8703125 0.26145833333333335 0.1015625 0.12291666666666666
