0 0.29296875 0.06770833333333333 0.1 0.13333333333333333
0 0.47500000000000003 0.17083333333333334 0.08125 0.11458333333333333
0 0.661328125 0.2838541666666667 0.04296875 0.06145833333333333
0 0.868359375 0.024479166666666666 0.11484375000000001 0.046875
0 0.9609375 0.7010416666666667 0.07500000000000001 0.11041666666666666
0 0.72578125 0.7020833333333333 0.084375 0.1125
0 0.64765625 0.7484375 0.09375 0.128125
0 0.19375 0.6463541666666667 0.08750000000000001 0.12395833333333334
0 0.191796875 0.7677083333333333 0.08515625 0.10625
0 0.11875000000000001 0.6916666666666667 0.1 0.12083333333333333
0 0.331640625 0.9619791666666666 0.07265625 0.065625
0 0.578515625 0.615625 0.022656250000000003 0.025
0 0.558984375 0.7083333333333334 0.025781250000000002 0.029166666666666667
