0 0.10234375000000001 0.3796875 0.10312500000000001 0.134375
0 0.25078125 0.11041666666666666 0.109375 0.12916666666666665
0 0.659375 0.046875 0.1078125 0.09166666666666666
0 0.421484375 0.058333333333333334 0.09140625000000001 0.10416666666666667
0 0.495703125 0.12864583333333332 0.08828125 0.11145833333333333
0 0.370703125 0.5354166666666667 0.09765625 0.11041666666666666
0 0.280859375 0.571875 0.10703125000000001 0.11875
0 0.6484375 0.45468749999999997 0.078125 0.10729166666666666
0 0.899609375 0.44114583333333335 0.08359375000000001 0.12604166666666666
0 0.952734375 0.7036458333333333 0.07421875 0.10520833333333333
0 0.8187500000000001 0.7197916666666666 0.09062500000000001 0.10833333333333334
0 0.740234375 0.7572916666666667 0.08828125 0.09166666666666666
0 0.43281250000000004 0.85 0.07968750000000001 0.0875
0 0.265625 0.9171874999999999 0.07968750000000001 0.09479166666666666
0 0.494921875 0.6494791666666666 0.09140625000000001 0.103125
0 0.513671875 0.5432291666666667 0.09765625 0.121875
0 0.6046875 0.6380208333333334 0.07500000000000001 0.096875
0 0.41328125000000004 0.6682291666666667 0.078125 0.11145833333333333
0 0.6390625000000001 0.2203125 0.053125000000000006 0.06145833333333333
0 0.730078125 0.20677083333333332 0.047656250000000004 0.05520833333333333
0 0.43984375000000003 0.9322916666666666 0.078125 0.08125
0 0.378515625 0.9598958333333333 0.07578125000000001 0.06979166666666667
0 0.6472656250000001 0.153125 0.039843750000000004 0.041666666666666664
