0 0.27773437500000003 0.11822916666666666 0.08984375 0.11145833333333333
0 0.34101562500000004 0.10260416666666666 0.057031250000000006 0.08854166666666667
0 0.217578125 0.43072916666666666 0.09140625000000001 0.121875
0 0.158203125 0.6104166666666666 0.09453125000000001 0.10625
0 0.2421875 0.6833333333333333 0.07968750000000001 0.11458333333333333
0 0.322265625 0.6760416666666667 0.09296875 0.12291666666666666
0 0.7410156250000001 0.646875 0.09453125000000001 0.13125
0 0.938671875 0.5197916666666667 0.08671875000000001 0.10833333333333334
0 0.862890625 0.3421875 0.10234375000000001 0.128125
0 0.9164062500000001 0.24635416666666665 0.084375 0.109375
0 0.642578125 0.5583333333333333 0.05078125 0.06875
0 0.27968750000000003 0.9390625 0.0484375 0.057291666666666664
0 0.9496093750000001 0.8552083333333333 0.07421875 0.10208333333333333
