0 0.905859375 0.2046875 0.08671875000000001 0.121875
0 0.8265625000000001 0.21510416666666665 0.0921875 0.13020833333333334
0 0.861328125 0.715625 0.06796875000000001 0.11875
0 0.7578125 0.9036458333333334 0.08750000000000001 0.109375
0 0.48984375 0.45208333333333334 0.0890625 0.11041666666666666
0 0.434375 0.5515625 0.08750000000000001 0.109375
0 0.43007812500000003 0.6619791666666667 0.08671875000000001 0.103125
0 0.382421875 0.7453125 0.09453125000000001 0.12395833333333334
0 0.331640625 0.5588541666666667 0.07890625000000001 0.10520833333333333
0 0.302734375 0.3458333333333333 0.08671875000000001 0.11875
0 0.146875 0.40781249999999997 0.0859375 0.11562499999999999
0 0.180078125 0.6036458333333333 0.06796875000000001 0.090625
0 0.22773437500000002 0.5619791666666667 0.07421875 0.096875
0 0.1375 0.4942708333333333 0.096875 0.11979166666666667
0 0.203515625 0.08645833333333333 0.02734375 0.0375
0 0.17695312500000002 0.08020833333333333 0.025781250000000002 0.029166666666666667
