0 0.12421875 0.06614583333333333 0.109375 0.13020833333333334
0 0.18710937500000002 0.15104166666666666 0.08046875 0.10416666666666667
0 0.370703125 0.10729166666666666 0.08671875000000001 0.13333333333333333
0 0.507421875 0.1140625 0.11640625 0.16145833333333334
0 0.58515625 0.07291666666666667 0.1 0.14166666666666666
0 0.662109375 0.0515625 0.07734375 0.10104166666666667
0 0.84921875 0.2796875 0.060937500000000006 0.065625
0 0.816015625 0.321875 0.04609375 0.07291666666666667
0 0.6265625 0.24583333333333332 0.040625 0.04791666666666666
0 0.49765625 0.2890625 0.0484375 0.06979166666666667
0 0.074609375 0.2791666666666667 0.03828125 0.052083333333333336
0 0.0390625 0.36875 0.0421875 0.04791666666666666
0 0.08125 0.7479166666666667 0.06875 0.10625
0 0.12070312500000001 0.5645833333333333 0.07734375 0.09166666666666666
0 0.197265625 0.5541666666666667 0.07265625 0.12083333333333333
0 0.205078125 0.68125 0.08046875 0.12916666666666665
0 0.23398437500000002 0.7583333333333333 0.09453125000000001 0.13125
0 0.31757812500000004 0.7609375 0.09765625 0.128125
0 0.38398437500000004 0.6677083333333333 0.09921875000000001 0.13541666666666666
0 0.46328125000000003 0.5833333333333334 0.1046875 0.15208333333333332
0 0.6253906250000001 0.725 0.11328125 0.14166666666666666
0 0.7289062500000001 0.7166666666666667 0.1078125 0.13958333333333334
0 0.837109375 0.5838541666666667 0.10234375000000001 0.140625
0 0.982421875 0.35104166666666664 0.03515625 0.15208333333333332
0 0.76328125 0.9651041666666667 0.084375 0.059375
0 0.43398437500000003 0.9557291666666666 0.05078125 0.065625
0 0.38710937500000003 0.9760416666666667 0.02109375 0.025
0 0.16718750000000002 0.9807291666666667 0.0734375 0.03854166666666667
0 0.152734375 0.23645833333333333 0.032031250000000004 0.035416666666666666
0 0.267578125 0.25364583333333335 0.03671875 0.06354166666666666
