0 0.0890625 0.75625 0.08281250000000001 0.09791666666666667
0 0.02109375 0.5182291666666666 0.040625 0.10729166666666666
0 0.30390625000000004 0.6828125 0.0921875 0.11354166666666667
0 0.40625 0.6625 0.0859375 0.12083333333333333
0 0.552734375 0.27239583333333334 0.05078125 0.06354166666666666
0 0.48750000000000004 0.03697916666666667 0.09062500000000001 0.071875
0 0.3953125 0.041666666666666664 0.0890625 0.07916666666666666
0 0.33515625000000004 0.1796875 0.0484375 0.06145833333333333
0 0.2828125 0.18958333333333333 0.0546875 0.0625
0 0.25546875 0.28854166666666664 0.0390625 0.06458333333333333
0 0.479296875 0.30052083333333335 0.025781250000000002 0.036458333333333336
0 0.651953125 0.70625 0.09453125000000001 0.12708333333333333
0 0.7859375000000001 0.7067708333333333 0.08750000000000001 0.12604166666666666
0 0.827734375 0.5375 0.08203125 0.1125
0 0.54609375 0.7213541666666666 0.078125 0.11145833333333333
0 0.9847656250000001 0.5427083333333333 0.030468750000000003 0.12916666666666665
0 0.9832031250000001 0.3984375 0.03359375 0.09479166666666666
0 0.718359375 0.2140625 0.022656250000000003 0.026041666666666668
0 0.698828125 0.22552083333333334 0.02109375 0.030208333333333334
0 0.719921875 0.24166666666666667 0.022656250000000003 0.029166666666666667
0 0.7371093750000001 0.2296875 0.02109375 0.028125
0 0.8269531250000001 0.05 0.01640625 0.029166666666666667
0 0.853125 0.044270833333333336 0.0203125 0.02395833333333333
0 0.8296875 0.07552083333333333 0.0203125 0.02395833333333333
