0 0.21250000000000002 0.4458333333333333 0.078125 0.10208333333333333
0 0.24140625000000002 0.5234375 0.078125 0.103125
0 0.33125000000000004 0.43333333333333335 0.08281250000000001 0.12083333333333333
0 0.039453125000000006 0.4119791666666667 0.07734375 0.11354166666666667
0 0.19453125000000002 0.035416666666666666 0.0859375 0.06875
0 0.7421875 0.10833333333333334 0.08281250000000001 0.11041666666666666
0 0.731640625 0.34322916666666664 0.05078125 0.08020833333333333
0 0.546875 0.47604166666666664 0.07968750000000001 0.12083333333333333
0 0.48671875000000003 0.4578125 0.0859375 0.11145833333333333
0 0.6781250000000001 0.8536458333333333 0.08281250000000001 0.11145833333333333
0 0.537109375 0.9364583333333333 0.07421875 0.0875
0 0.56171875 0.6385416666666667 0.0765625 0.09583333333333333
0 0.174609375 0.9697916666666666 0.07265625 0.06041666666666667
0 0.8187500000000001 0.33958333333333335 0.06875 0.0875
0 0.9535156250000001 0.5057291666666667 0.07890625000000001 0.11979166666666667
