0 0.27773437500000003 0.22552083333333334 0.08984375 0.11979166666666667
0 0.38320312500000003 0.18072916666666666 0.09453125000000001 0.11770833333333333
0 0.56875 0.0453125 0.1125 0.08854166666666667
0 0.601171875 0.253125 0.09296875 0.13333333333333333
0 0.5140625 0.271875 0.096875 0.13541666666666666
0 0.41250000000000003 0.3578125 0.09375 0.11770833333333333
0 0.661328125 0.5182291666666666 0.09765625 0.12395833333333334
0 0.74140625 0.4875 0.0734375 0.12083333333333333
0 0.8777343750000001 0.4765625 0.08359375000000001 0.11145833333333333
0 0.87265625 0.6067708333333334 0.07968750000000001 0.109375
0 0.75390625 0.5911458333333334 0.08125 0.08854166666666667
0 0.651953125 0.6416666666666666 0.09765625 0.11666666666666667
0 0.5691406250000001 0.6046875 0.07890625000000001 0.128125
0 0.49257812500000003 0.571875 0.08671875000000001 0.11875
0 0.43007812500000003 0.584375 0.06796875000000001 0.10416666666666667
0 0.35703125 0.6338541666666666 0.0765625 0.09270833333333334
0 0.29726562500000003 0.5755208333333334 0.06953125 0.09270833333333334
0 0.312109375 0.9 0.06484375 0.09583333333333333
0 0.44843750000000004 0.7755208333333333 0.07968750000000001 0.090625
0 0.6734375 0.7958333333333333 0.0734375 0.09166666666666666
0 0.712890625 0.9427083333333334 0.08515625 0.09375
0 0.573828125 0.7255208333333333 0.07265625 0.11770833333333333
