0 0.38984375000000004 0.7109375 0.09531250000000001 0.109375
0 0.479296875 0.7713541666666667 0.08984375 0.11979166666666667
0 0.571484375 0.7526041666666666 0.08203125 0.11562499999999999
0 0.790625 0.565625 0.0859375 0.11875
0 0.86875 0.6682291666666667 0.0890625 0.128125
0 0.9484375 0.578125 0.0890625 0.12291666666666666
0 0.977734375 0.2817708333333333 0.04453125 0.11979166666666667
0 0.62265625 0.33177083333333335 0.05 0.057291666666666664
0 0.614453125 0.058333333333333334 0.10703125000000001 0.11458333333333333
0 0.484375 0.040625 0.09062500000000001 0.07916666666666666
0 0.40625 0.20416666666666666 0.0484375 0.058333333333333334
0 0.33046875000000003 0.240625 0.05 0.0625
0 0.144140625 0.06354166666666666 0.12578125 0.11875
0 0.03125 0.153125 0.059375000000000004 0.1625
0 0.084375 0.6411458333333333 0.0765625 0.11979166666666667
0 0.140625 0.746875 0.0859375 0.10625
0 0.23671875 0.734375 0.10312500000000001 0.14166666666666666
0 0.315234375 0.7442708333333333 0.07265625 0.109375
0 0.5593750000000001 0.8796875 0.08281250000000001 0.11145833333333333
0 0.482421875 0.9348958333333334 0.08359375000000001 0.11770833333333333
0 0.7917968750000001 0.7171875 0.08515625 0.12604166666666666
0 0.2390625 0.9119791666666667 0.053125000000000006 0.06145833333333333
0 0.30781250000000004 0.8984375 0.053125000000000006 0.059375
