0 0.21054687500000002 0.5083333333333333 0.07734375 0.10208333333333333
0 0.1921875 0.6723958333333333 0.078125 0.090625
0 0.23945312500000002 0.6385416666666667 0.07421875 0.09166666666666666
0 0.38515625000000003 0.5338541666666666 0.078125 0.10520833333333333
0 0.384375 0.6484375 0.0859375 0.10520833333333333
0 0.5476562500000001 0.540625 0.08281250000000001 0.12083333333333333
0 0.490234375 0.4984375 0.057031250000000006 0.10729166666666666
0 0.41054687500000003 0.1859375 0.08203125 0.10104166666666667
0 0.700390625 0.04010416666666666 0.08046875 0.078125
0 0.7742187500000001 0.05572916666666666 0.08281250000000001 0.10104166666666667
0 0.9375 0.08958333333333333 0.0859375 0.09791666666666667
0 0.80859375 0.39947916666666666 0.08281250000000001 0.10729166666666666
0 0.6046875 0.5234375 0.05625 0.084375
0 0.574609375 0.71875 0.08359375000000001 0.10625
0 0.64765625 0.6953125 0.0734375 0.11770833333333333
0 0.8171875000000001 0.921875 0.07968750000000001 0.1125
0 0.02421875 0.79375 0.046875 0.08958333333333333
