0 0.8578125000000001 0.0953125 0.084375 0.11145833333333333
0 0.786328125 0.27708333333333335 0.07109375 0.09791666666666667
0 0.734375 0.27447916666666666 0.043750000000000004 0.096875
0 0.6515625 0.09791666666666667 0.065625 0.09375
0 0.6214843750000001 0.12083333333333333 0.057031250000000006 0.07291666666666667
0 0.7796875000000001 0.5619791666666667 0.0734375 0.09479166666666666
0 0.88828125 0.6390625 0.078125 0.090625
0 0.9109375000000001 0.7453125 0.05 0.06145833333333333
0 0.384765625 0.6171875 0.07578125000000001 0.103125
0 0.15546875000000002 0.640625 0.0859375 0.10208333333333333
0 0.31562500000000004 0.184375 0.08750000000000001 0.10625
0 0.42109375000000004 0.19583333333333333 0.021875000000000002 0.025
0 0.5886718750000001 0.8130208333333333 0.01953125 0.026041666666666668
0 0.6761718750000001 0.6895833333333333 0.01953125 0.025
0 0.6335937500000001 0.8260416666666667 0.018750000000000003 0.029166666666666667
0 0.6179687500000001 0.95 0.029687500000000002 0.03125
0 0.39921875 0.7828125 0.026562500000000003 0.030208333333333334
0 0.42890625000000004 0.7869791666666667 0.021875000000000002 0.030208333333333334
0 0.4375 0.8901041666666667 0.021875000000000002 0.030208333333333334
0 0.463671875 0.058333333333333334 0.017968750000000002 0.025
0 0.5875 0.03802083333333333 0.018750000000000003 0.021875
0 0.521875 0.0953125 0.0171875 0.02395833333333333
