0 0.09375 0.09479166666666666 0.0890625 0.10833333333333334
0 0.10820312500000001 0.23177083333333334 0.04453125 0.057291666666666664
0 0.09375 0.6859375 0.08281250000000001 0.11562499999999999
0 0.36445312500000004 0.6682291666666667 0.10078125 0.134375
0 0.3359375 0.7921875 0.08125 0.11145833333333333
0 0.7679687500000001 0.6755208333333333 0.08750000000000001 0.12604166666666666
0 0.8402343750000001 0.7177083333333333 0.07109375 0.1125
0 0.8230468750000001 0.175 0.09765625 0.13958333333333334
0 0.8523437500000001 0.05572916666666666 0.096875 0.109375
0 0.46992187500000004 0.0640625 0.09921875000000001 0.10104166666666667
0 0.5476562500000001 0.0515625 0.05625 0.09270833333333334
0 0.350390625 0.5265625 0.05234375 0.084375
