0 0.133203125 0.353125 0.08359375000000001 0.11875
0 0.070703125 0.38229166666666664 0.08359375000000001 0.14375
0 0.09296875 0.6354166666666666 0.0890625 0.11458333333333333
0 0.18046875 0.953125 0.078125 0.09375
0 0.11953125 0.975 0.07500000000000001 0.05
0 0.28203125 0.6729166666666666 0.0765625 0.08958333333333333
0 0.345703125 0.4765625 0.08359375000000001 0.11145833333333333
0 0.4859375 0.49947916666666664 0.09375 0.11354166666666667
0 0.568359375 0.46510416666666665 0.07421875 0.090625
0 0.5222656250000001 0.6322916666666667 0.07578125000000001 0.11041666666666666
0 0.595703125 0.6140625 0.06640625 0.08645833333333333
0 0.779296875 0.6453125 0.07890625000000001 0.09270833333333334
0 0.737890625 0.7786458333333334 0.06484375 0.090625
0 0.7406250000000001 0.8552083333333333 0.0578125 0.09791666666666667
0 0.6839843750000001 0.8567708333333334 0.07734375 0.090625
0 0.5906250000000001 0.9229166666666666 0.021875000000000002 0.020833333333333332
0 0.7468750000000001 0.0296875 0.0765625 0.057291666666666664
0 0.6468750000000001 0.026041666666666668 0.0890625 0.05
0 0.328125 0.103125 0.07500000000000001 0.10208333333333333
0 0.205078125 0.1515625 0.05390625 0.07395833333333333
0 0.21484375 0.030729166666666665 0.06406250000000001 0.059375
0 0.544140625 0.7473958333333334 0.08828125 0.10104166666666667
0 0.37734375000000003 0.6583333333333333 0.025 0.029166666666666667
0 0.37929687500000003 0.265625 0.022656250000000003 0.03125
0 0.37148437500000003 0.22864583333333333 0.022656250000000003 0.030208333333333334
