0 0.060546875 0.21770833333333334 0.11953125 0.1625
0 0.46406250000000004 0.090625 0.0765625 0.11458333333333333
0 0.509765625 0.11510416666666666 0.07265625 0.10104166666666667
0 0.659765625 0.0796875 0.08046875 0.09270833333333334
0 0.734375 0.057812499999999996 0.0921875 0.08854166666666667
0 0.8621093750000001 0.18854166666666666 0.09296875 0.10625
0 0.5710937500000001 0.6984375 0.0921875 0.14479166666666665
0 0.4703125 0.684375 0.08125 0.11666666666666667
0 0.48281250000000003 0.9572916666666667 0.07187500000000001 0.08541666666666667
0 0.565625 0.9619791666666666 0.07968750000000001 0.07604166666666666
0 0.0921875 0.6984375 0.0734375 0.10729166666666666
0 0.8406250000000001 0.32916666666666666 0.08281250000000001 0.08125
