0 0.14765625000000002 0.2604166666666667 0.09843750000000001 0.11666666666666667
0 0.06484375 0.12135416666666667 0.096875 0.12395833333333334
0 0.21796875000000002 0.04114583333333333 0.1078125 0.08020833333333333
0 0.31484375000000003 0.027604166666666666 0.11093750000000001 0.053125
0 0.20664062500000002 0.15989583333333332 0.08984375 0.13020833333333334
0 0.479296875 0.057291666666666664 0.09765625 0.1125
0 0.583203125 0.06666666666666667 0.11015625000000001 0.12916666666666665
0 0.6585937500000001 0.050520833333333334 0.11406250000000001 0.09895833333333333
0 0.51953125 0.17083333333333334 0.09062500000000001 0.08541666666666667
0 0.45429687500000004 0.13489583333333333 0.09453125000000001 0.12395833333333334
0 0.8375 0.30885416666666665 0.043750000000000004 0.06770833333333333
0 0.638671875 0.209375 0.047656250000000004 0.058333333333333334
0 0.638671875 0.5442708333333334 0.07734375 0.11562499999999999
0 0.883984375 0.6604166666666667 0.06171875 0.09791666666666667
0 0.9421875000000001 0.7005208333333334 0.084375 0.11145833333333333
0 0.696875 0.778125 0.07968750000000001 0.09375
0 0.578515625 0.7958333333333333 0.09453125000000001 0.10625
0 0.5328125 0.7583333333333333 0.0921875 0.11875
0 0.47500000000000003 0.7661458333333333 0.07187500000000001 0.11979166666666667
0 0.335546875 0.71875 0.09296875 0.1125
0 0.12812500000000002 0.509375 0.08125 0.125
0 0.021484375 0.3380208333333333 0.041406250000000006 0.10729166666666666
