0 0.278515625 0.4192708333333333 0.08203125 0.11979166666666667
0 0.4375 0.4510416666666667 0.09375 0.12291666666666666
0 0.4703125 0.5104166666666666 0.096875 0.11041666666666666
0 0.7109375 0.5401041666666666 0.0859375 0.10729166666666666
0 0.55234375 0.4921875 0.07968750000000001 0.11354166666666667
0 0.641796875 0.1875 0.041406250000000006 0.05
0 0.558203125 0.2682291666666667 0.047656250000000004 0.057291666666666664
0 0.41875 0.6557291666666667 0.0671875 0.09479166666666666
0 0.15156250000000002 0.22083333333333333 0.046875 0.05625
0 0.8503906250000001 0.8078124999999999 0.07109375 0.103125
0 0.153125 0.5645833333333333 0.084375 0.1
