0 0.34492187500000004 0.03697916666666667 0.08359375000000001 0.071875
0 0.258984375 0.03958333333333333 0.08671875000000001 0.07291666666666667
0 0.286328125 0.17604166666666665 0.049218750000000006 0.06458333333333333
0 0.234765625 0.18333333333333332 0.04453125 0.058333333333333334
0 0.205078125 0.28229166666666666 0.04296875 0.05625
0 0.501171875 0.2677083333333333 0.04296875 0.06458333333333333
0 0.7000000000000001 0.528125 0.07968750000000001 0.11666666666666667
0 0.8949218750000001 0.5427083333333333 0.08828125 0.12083333333333333
0 0.896484375 0.4005208333333333 0.09140625000000001 0.109375
0 0.65 0.7036458333333333 0.08750000000000001 0.11979166666666667
0 0.7175781250000001 0.6588541666666666 0.06484375 0.09895833333333333
0 0.5109375 0.7005208333333334 0.0921875 0.13229166666666667
0 0.5769531250000001 0.7380208333333333 0.07890625000000001 0.121875
0 0.42421875000000003 0.7140625 0.07500000000000001 0.103125
0 0.28359375000000003 0.6427083333333333 0.08750000000000001 0.10208333333333333
0 0.18320312500000002 0.6703125 0.08671875000000001 0.109375
0 0.017578125 0.7427083333333333 0.03359375 0.09375
0 0.6328125 0.20520833333333333 0.0203125 0.029166666666666667
0 0.65390625 0.22343749999999998 0.021875000000000002 0.030208333333333334
0 0.46015625000000004 0.2947916666666667 0.025 0.03333333333333333
0 0.39765625000000004 0.3390625 0.021875000000000002 0.028125
