0 0.12734375 0.2916666666666667 0.09531250000000001 0.11458333333333333
0 0.162109375 0.1578125 0.08984375 0.10729166666666666
0 0.1234375 0.521875 0.1015625 0.12083333333333333
0 0.0625 0.665625 0.084375 0.1
0 0.24375000000000002 0.6140625 0.0921875 0.10729166666666666
0 0.491796875 0.8026041666666667 0.09140625000000001 0.10520833333333333
0 0.5398437500000001 0.6921875 0.0921875 0.12604166666666666
0 0.48984375 0.9088541666666666 0.10312500000000001 0.11354166666666667
0 0.7093750000000001 0.6515625 0.0890625 0.128125
0 0.8929687500000001 0.5744791666666667 0.09843750000000001 0.11562499999999999
0 0.95625 0.2203125 0.07187500000000001 0.13645833333333332
0 0.28750000000000003 0.225 0.040625 0.04583333333333333
