0 0.21601562500000002 0.5671875 0.07421875 0.078125
0 0.36250000000000004 0.5473958333333333 0.0734375 0.11145833333333333
0 0.366796875 0.2817708333333333 0.041406250000000006 0.06145833333333333
0 0.42500000000000004 0.2703125 0.0421875 0.04895833333333333
0 0.458984375 0.2505208333333333 0.03671875 0.04895833333333333
0 0.4734375 0.134375 0.037500000000000006 0.06458333333333333
0 0.29140625000000003 0.8375 0.09375 0.11875
0 0.20078125000000002 0.7010416666666667 0.078125 0.09791666666666667
0 0.847265625 0.4875 0.09453125000000001 0.12916666666666665
0 0.7796875000000001 0.4348958333333333 0.06875 0.11770833333333333
0 0.113671875 0.7338541666666667 0.04453125 0.06145833333333333
