0 0.132421875 0.35625 0.08984375 0.125
0 0.06992187500000001 0.3802083333333333 0.07265625 0.11041666666666666
0 0.0921875 0.6375 0.084375 0.11666666666666667
0 0.12109375 0.7213541666666666 0.0671875 0.08020833333333333
0 0.28203125 0.6765625 0.07500000000000001 0.09270833333333334
0 0.34609375000000003 0.4744791666666667 0.084375 0.10729166666666666
0 0.5261718750000001 0.6302083333333334 0.08203125 0.11041666666666666
0 0.482421875 0.5010416666666666 0.08828125 0.12083333333333333
0 0.56953125 0.46510416666666665 0.078125 0.09895833333333333
0 0.7761718750000001 0.6427083333333333 0.06953125 0.09791666666666667
0 0.9773437500000001 0.6411458333333333 0.045312500000000006 0.11354166666666667
0 0.981640625 0.4739583333333333 0.03359375 0.11458333333333333
0 0.68359375 0.8583333333333333 0.07187500000000001 0.10416666666666667
0 0.7410156250000001 0.8567708333333334 0.06171875 0.08854166666666667
0 0.7371093750000001 0.7807291666666667 0.07265625 0.08645833333333333
0 0.546484375 0.74375 0.08359375000000001 0.09583333333333333
0 0.5984375000000001 0.6036458333333333 0.0625 0.09270833333333334
0 0.180078125 0.9505208333333334 0.07734375 0.090625
0 0.11953125 0.9744791666666667 0.078125 0.051041666666666666
0 0.33046875000000003 0.10364583333333333 0.0765625 0.103125
0 0.20390625 0.15260416666666665 0.051562500000000004 0.07395833333333333
0 0.21250000000000002 0.036458333333333336 0.0703125 0.07083333333333333
0 0.44960937500000003 0.0265625 0.08359375000000001 0.046875
0 0.6492187500000001 0.0265625 0.0859375 0.051041666666666666
0 0.7464843750000001 0.029166666666666667 0.07265625 0.05625
0 0.37890625 0.26510416666666664 0.021875000000000002 0.028125
0 0.37226562500000004 0.23020833333333332 0.022656250000000003 0.029166666666666667
0 0.517578125 0.26197916666666665 0.017968750000000002 0.028125
0 0.37734375000000003 0.6604166666666667 0.021875000000000002 0.029166666666666667
0 0.591796875 0.9249999999999999 0.02109375 0.025
0 0.6472656250000001 0.9416666666666667 0.02421875 0.027083333333333334
