0 0.30507812500000003 0.18541666666666667 0.041406250000000006 0.04791666666666666
0 0.335546875 0.21354166666666666 0.04609375 0.06041666666666667
0 0.576171875 0.15052083333333333 0.08359375000000001 0.11145833333333333
0 0.615234375 0.21666666666666667 0.08359375000000001 0.09375
0 0.687109375 0.1265625 0.06953125 0.109375
0 0.6171875 0.0296875 0.1 0.057291666666666664
0 0.38593750000000004 0.4348958333333333 0.0484375 0.059375
0 0.546875 0.5859375 0.0921875 0.11354166666666667
0 0.73359375 0.4734375 0.046875 0.06145833333333333
0 0.7140625 0.6890625 0.0765625 0.096875
0 0.748046875 0.7791666666666667 0.08046875 0.09583333333333333
0 0.595703125 0.76875 0.08984375 0.10625
0 0.480078125 0.9046875 0.09609375 0.11562499999999999
0 0.252734375 0.9583333333333334 0.08203125 0.07291666666666667
0 0.178515625 0.8270833333333333 0.08046875 0.10416666666666667
0 0.24140625000000002 0.609375 0.078125 0.11041666666666666
0 0.21328125 0.515625 0.08750000000000001 0.09583333333333333
0 0.0390625 0.653125 0.07187500000000001 0.10208333333333333
0 0.1125 0.8088541666666667 0.0703125 0.10520833333333333
0 0.34687500000000004 0.8770833333333333 0.0484375 0.06458333333333333
0 0.925 0.6921875 0.08125 0.10520833333333333
0 0.894140625 0.234375 0.049218750000000006 0.06666666666666667
0 0.39375000000000004 0.134375 0.053125000000000006 0.06666666666666667
