0 0.41171875 0.18697916666666667 0.0765625 0.09895833333333333
0 0.1921875 0.041666666666666664 0.0671875 0.075
0 0.706640625 0.0390625 0.06484375 0.07604166666666666
0 0.6785156250000001 0.027604166666666666 0.06953125 0.053125
0 0.7738281250000001 0.0546875 0.07890625000000001 0.10104166666666667
0 0.8367187500000001 0.09635416666666667 0.0765625 0.10520833333333333
0 0.93515625 0.0953125 0.07968750000000001 0.10520833333333333
0 0.804296875 0.4005208333333333 0.07890625000000001 0.10104166666666667
0 0.548828125 0.5411458333333333 0.08359375000000001 0.11770833333333333
0 0.60703125 0.521875 0.059375000000000004 0.07916666666666666
0 0.491015625 0.49583333333333335 0.05859375 0.10625
0 0.386328125 0.5302083333333333 0.08203125 0.10625
0 0.20859375000000002 0.5036458333333333 0.078125 0.103125
0 0.19101562500000002 0.6723958333333333 0.07265625 0.09895833333333333
0 0.241015625 0.6416666666666666 0.06484375 0.09583333333333333
0 0.38593750000000004 0.6510416666666666 0.0859375 0.11666666666666667
0 0.57421875 0.71875 0.084375 0.10625
0 0.6527343750000001 0.6963541666666666 0.07734375 0.10520833333333333
0 0.8167968750000001 0.9234375 0.07890625000000001 0.10520833333333333
0 0.501171875 0.7328125 0.06796875000000001 0.11562499999999999
0 0.026953125 0.7880208333333333 0.05234375 0.08229166666666667
0 0.034765625 0.6630208333333333 0.06796875000000001 0.084375
0 0.0421875 0.8619791666666666 0.0734375 0.10520833333333333
0 0.416796875 0.9395833333333333 0.02109375 0.022916666666666665
0 0.46484375 0.9567708333333333 0.029687500000000002 0.021875
0 0.401171875 0.8067708333333333 0.05859375 0.053125
0 0.105859375 0.2817708333333333 0.01953125 0.02395833333333333
