0 0.173828125 0.2203125 0.13203125000000002 0.16979166666666667
0 0.59765625 0.08802083333333333 0.08750000000000001 0.11770833333333333
0 0.6566406250000001 0.09947916666666666 0.03359375 0.051041666666666666
0 0.8578125000000001 0.07239583333333333 0.1125 0.12395833333333334
0 0.78125 0.08541666666666667 0.0625 0.06875
0 0.18710937500000002 0.7104166666666667 0.06796875000000001 0.08333333333333333
0 0.5769531250000001 0.6786458333333333 0.08984375 0.109375
0 0.69140625 0.6953125 0.1125 0.11354166666666667
0 0.585546875 0.9619791666666666 0.07890625000000001 0.07604166666666666
0 0.665625 0.9640624999999999 0.06875 0.071875
