0 0.111328125 0.21197916666666666 0.04609375 0.05520833333333333
0 0.068359375 0.221875 0.032031250000000004 0.058333333333333334
0 0.34609375000000003 0.034895833333333334 0.0859375 0.06770833333333333
0 0.585546875 0.18541666666666667 0.04453125 0.058333333333333334
0 0.5085937500000001 0.25677083333333334 0.05 0.05520833333333333
0 0.501953125 0.5052083333333334 0.05859375 0.09375
0 0.43398437500000003 0.503125 0.08515625 0.11041666666666666
0 0.31328125 0.4479166666666667 0.084375 0.12291666666666666
0 0.34492187500000004 0.5020833333333333 0.08203125 0.10625
0 0.6003906250000001 0.53125 0.07734375 0.1125
0 0.6839843750000001 0.5677083333333334 0.08515625 0.10833333333333334
0 0.95078125 0.359375 0.09375 0.12708333333333333
0 0.7527343750000001 0.80625 0.07734375 0.1
0 0.568359375 0.9713541666666666 0.047656250000000004 0.051041666666666666
0 0.31367187500000004 0.646875 0.08046875 0.09791666666666667
0 0.0546875 0.5651041666666666 0.07968750000000001 0.109375
0 0.16718750000000002 0.4161458333333333 0.07187500000000001 0.11354166666666667
0 0.1078125 0.3927083333333333 0.078125 0.0875
0 0.195703125 0.026041666666666668 0.10078125 0.05
