0 0.284765625 0.4421875 0.10546875 0.11562499999999999
0 0.041015625 0.4692708333333333 0.06796875000000001 0.096875
0 0.015234375000000001 0.075 0.02890625 0.10833333333333334
0 0.512890625 0.59375 0.08359375000000001 0.12291666666666666
0 0.644140625 0.6286458333333333 0.10078125 0.128125
0 0.681640625 0.578125 0.09921875000000001 0.10208333333333333
0 0.9390625 0.5473958333333333 0.1015625 0.16979166666666667
0 0.937109375 0.3645833333333333 0.10390625 0.12708333333333333
0 0.730078125 0.2546875 0.03671875 0.051041666666666666
0 0.550390625 0.2708333333333333 0.047656250000000004 0.05625
0 0.350390625 0.16666666666666666 0.04609375 0.041666666666666664
0 0.390234375 0.2604166666666667 0.03515625 0.052083333333333336
0 0.370703125 0.027083333333333334 0.11953125 0.052083333333333336
0 0.270703125 0.04479166666666667 0.09453125000000001 0.0875
0 0.07382812500000001 0.640625 0.07109375 0.08333333333333333
0 0.162890625 0.7651041666666667 0.06953125 0.10104166666666667
0 0.23554687500000002 0.7307291666666667 0.08671875000000001 0.10729166666666666
0 0.36015625 0.7213541666666666 0.09062500000000001 0.11770833333333333
0 0.44179687500000003 0.7223958333333333 0.07109375 0.08854166666666667
0 0.578125 0.709375 0.09531250000000001 0.13125
0 0.794140625 0.8869791666666667 0.06484375 0.090625
0 0.9617187500000001 0.8953125 0.07500000000000001 0.121875
0 0.8695312500000001 0.9203125 0.05 0.09479166666666666
0 0.1859375 0.22239583333333332 0.046875 0.036458333333333336
0 0.181640625 0.1765625 0.04609375 0.04895833333333333
