0 0.217578125 0.5734375 0.07890625000000001 0.10104166666666667
0 0.36445312500000004 0.5505208333333333 0.08515625 0.11354166666666667
0 0.31875000000000003 0.5864583333333333 0.08125 0.11666666666666667
0 0.20078125000000002 0.7046875 0.08125 0.11145833333333333
0 0.286328125 0.8338541666666667 0.08828125 0.11770833333333333
0 0.23593750000000002 0.8182291666666667 0.0625 0.08645833333333333
0 0.31953125000000004 0.9682291666666667 0.026562500000000003 0.036458333333333336
0 0.83984375 0.4864583333333333 0.084375 0.11458333333333333
0 0.776953125 0.4453125 0.06796875000000001 0.11354166666666667
0 0.91796875 0.303125 0.0765625 0.10625
0 0.45546875000000003 0.24739583333333334 0.043750000000000004 0.051041666666666666
0 0.366796875 0.2833333333333333 0.047656250000000004 0.05625
0 0.47187500000000004 0.12916666666666665 0.040625 0.05625
0 0.47578125000000004 0.059375 0.0484375 0.06041666666666667
0 0.521875 0.4947916666666667 0.028125 0.052083333333333336
