0 0.158984375 0.21770833333333334 0.09765625 0.11458333333333333
0 0.271484375 0.18541666666666667 0.09453125000000001 0.10833333333333334
0 0.434375 0.04635416666666667 0.1203125 0.090625
0 0.740234375 0.178125 0.04453125 0.06666666666666667
0 0.9328125 0.3458333333333333 0.0734375 0.07916666666666666
0 0.468359375 0.23958333333333334 0.08984375 0.13958333333333334
0 0.38515625000000003 0.2661458333333333 0.1046875 0.14479166666666665
0 0.290625 0.3484375 0.084375 0.10729166666666666
0 0.36171875000000003 0.5645833333333333 0.07968750000000001 0.1125
0 0.31328125 0.5770833333333333 0.0484375 0.11041666666666666
0 0.25625000000000003 0.6197916666666666 0.07500000000000001 0.08958333333333333
0 0.19140625 0.5682291666666667 0.065625 0.09270833333333334
0 0.443359375 0.59375 0.07734375 0.13541666666666666
0 0.5242187500000001 0.6359375 0.1078125 0.11770833333333333
0 0.53515625 0.5052083333333334 0.09375 0.11875
0 0.618359375 0.4765625 0.08203125 0.11562499999999999
0 0.634375 0.5802083333333333 0.078125 0.10625
0 0.76953125 0.4734375 0.0921875 0.11562499999999999
0 0.8894531250000001 0.5192708333333333 0.07578125000000001 0.11354166666666667
0 0.76953125 0.6015625 0.08281250000000001 0.10729166666666666
0 0.5769531250000001 0.7927083333333333 0.07734375 0.09791666666666667
0 0.3515625 0.7651041666666667 0.07500000000000001 0.103125
0 0.21406250000000002 0.8822916666666667 0.0578125 0.08541666666666667
0 0.603515625 0.9427083333333334 0.07734375 0.09583333333333333
0 0.6605468750000001 0.9046875 0.06484375 0.07604166666666666
0 0.9109375000000001 0.9682291666666667 0.0671875 0.046875
