0 0.41250000000000003 0.18802083333333333 0.0765625 0.10104166666666667
0 0.19257812500000002 0.042708333333333334 0.07421875 0.08333333333333333
0 0.209765625 0.5010416666666666 0.07421875 0.09375
0 0.38671875 0.5307291666666667 0.07968750000000001 0.109375
0 0.49375 0.496875 0.0625 0.09791666666666667
0 0.548046875 0.5416666666666666 0.08359375000000001 0.12291666666666666
0 0.38671875 0.6546875 0.084375 0.11979166666666667
0 0.2421875 0.640625 0.07187500000000001 0.09583333333333333
0 0.19140625 0.6708333333333333 0.07187500000000001 0.09583333333333333
0 0.035937500000000004 0.6671875 0.0671875 0.084375
0 0.026562500000000003 0.7890625 0.051562500000000004 0.09479166666666666
0 0.042578125 0.8614583333333333 0.07734375 0.09166666666666666
0 0.576171875 0.715625 0.08046875 0.11458333333333333
0 0.6488281250000001 0.6958333333333333 0.07734375 0.11041666666666666
0 0.806640625 0.396875 0.07265625 0.1
0 0.935546875 0.09166666666666666 0.07890625000000001 0.11458333333333333
0 0.77265625 0.05625 0.07968750000000001 0.10625
0 0.8367187500000001 0.09479166666666666 0.0734375 0.1125
0 0.680859375 0.027083333333333334 0.07734375 0.05
0 0.8125 0.9234375 0.0765625 0.109375
0 0.501953125 0.734375 0.06640625 0.11458333333333333
0 0.404296875 0.8015625 0.07734375 0.065625
0 0.415625 0.9375 0.0203125 0.01875
0 0.46914062500000003 0.9572916666666667 0.022656250000000003 0.025
