0 0.253515625 0.2520833333333333 0.10234375000000001 0.13333333333333333
0 0.39687500000000003 0.06875 0.1078125 0.13333333333333333
0 0.655859375 0.26927083333333335 0.04609375 0.06145833333333333
0 0.7453125 0.1203125 0.040625 0.057291666666666664
0 0.7449218750000001 0.0484375 0.04453125 0.051041666666666666
0 0.878125 0.5192708333333333 0.07968750000000001 0.11145833333333333
0 0.815625 0.5572916666666666 0.06875 0.10833333333333334
0 0.740234375 0.5447916666666667 0.06796875000000001 0.08958333333333333
0 0.706640625 0.6765625 0.07734375 0.109375
0 0.80234375 0.7989583333333333 0.08125 0.11041666666666666
0 0.736328125 0.7885416666666667 0.06953125 0.10416666666666667
0 0.35664062500000004 0.6119791666666666 0.08359375000000001 0.10729166666666666
0 0.299609375 0.7338541666666667 0.08515625 0.11979166666666667
0 0.30781250000000004 0.84375 0.08750000000000001 0.08541666666666667
0 0.17695312500000002 0.7411458333333333 0.07734375 0.13645833333333332
0 0.1171875 0.575 0.0703125 0.1
0 0.050390625 0.5755208333333334 0.08046875 0.11979166666666667
0 0.26796875000000003 0.029166666666666667 0.09843750000000001 0.05625
0 0.46015625000000004 0.5739583333333333 0.0484375 0.0625
0 0.7136718750000001 0.25729166666666664 0.039843750000000004 0.05
0 0.594140625 0.5708333333333333 0.04453125 0.052083333333333336
0 0.49531250000000004 0.7354166666666666 0.018750000000000003 0.025
0 0.46171875 0.7619791666666667 0.0234375 0.026041666666666668
0 0.55234375 0.6921875 0.018750000000000003 0.026041666666666668
0 0.6335937500000001 0.6989583333333333 0.028125 0.03125
0 0.096875 0.165625 0.0203125 0.025
0 0.07500000000000001 0.1203125 0.021875000000000002 0.02395833333333333
