0 0.0171875 0.0640625 0.0328125 0.040625
0 0.025781250000000002 0.12343749999999999 0.03125 0.051041666666666666
0 0.20390625 0.19427083333333334 0.0390625 0.042708333333333334
0 0.33125000000000004 0.3729166666666667 0.07968750000000001 0.10416666666666667
0 0.29335937500000003 0.4770833333333333 0.08203125 0.10416666666666667
0 0.013671875 0.45416666666666666 0.025781250000000002 0.08541666666666667
0 0.265625 0.5828125 0.06875 0.090625
0 0.384765625 0.5692708333333333 0.06796875000000001 0.09479166666666666
0 0.642578125 0.37083333333333335 0.07734375 0.09791666666666667
0 0.8855468750000001 0.425 0.08046875 0.10833333333333334
0 0.8910156250000001 0.509375 0.07734375 0.09583333333333333
0 0.60703125 0.5546875 0.0765625 0.109375
0 0.5765625 0.6177083333333333 0.07187500000000001 0.0875
0 0.7464843750000001 0.9635416666666666 0.06484375 0.06875
0 0.35703125 0.7567708333333333 0.06875 0.09270833333333334
0 0.31562500000000004 0.8937499999999999 0.060937500000000006 0.10625
0 0.833984375 0.029166666666666667 0.07265625 0.05625
