0 0.13398437500000002 0.23906249999999998 0.09609375 0.134375
0 0.23046875 0.15052083333333333 0.10312500000000001 0.13645833333333332
0 0.283984375 0.2755208333333333 0.11328125 0.13229166666666667
0 0.055859375 0.540625 0.09453125000000001 0.11041666666666666
0 0.028125 0.3567708333333333 0.053125000000000006 0.10520833333333333
0 0.209375 0.6328125 0.1046875 0.13229166666666667
0 0.15156250000000002 0.8739583333333333 0.0765625 0.09375
0 0.20820312500000002 0.9385416666666666 0.08359375000000001 0.10833333333333334
0 0.6175781250000001 0.042708333333333334 0.08671875000000001 0.08125
0 0.70078125 0.03125 0.09843750000000001 0.05625
0 0.851171875 0.11458333333333333 0.08046875 0.09791666666666667
0 0.91015625 0.48541666666666666 0.10312500000000001 0.12916666666666665
0 0.7855468750000001 0.5927083333333333 0.10078125 0.12916666666666665
0 0.651953125 0.9729166666666667 0.05078125 0.04791666666666666
0 0.8296875 0.8307291666666666 0.06406250000000001 0.084375
0 0.858984375 0.6411458333333333 0.07109375 0.08854166666666667
