0 0.18203125 0.3692708333333333 0.08750000000000001 0.11562499999999999
0 0.11289062500000001 0.36041666666666666 0.05390625 0.125
0 0.33242187500000003 0.0609375 0.12421875 0.11979166666666667
0 0.274609375 0.7166666666666667 0.08984375 0.14583333333333334
0 0.59765625 0.8703124999999999 0.1328125 0.13854166666666667
0 0.7445312500000001 0.6557291666666667 0.084375 0.11145833333333333
0 0.7054687500000001 0.5932291666666667 0.09062500000000001 0.13645833333333332
0 0.770703125 0.4973958333333333 0.09609375 0.13854166666666667
0 0.8441406250000001 0.5973958333333333 0.09296875 0.121875
0 0.8011718750000001 0.26979166666666665 0.09453125000000001 0.12291666666666666
0 0.726171875 0.1890625 0.07421875 0.11354166666666667
0 0.1078125 0.04010416666666666 0.08125 0.07395833333333333
