0 0.189453125 0.42083333333333334 0.057031250000000006 0.0625
0 0.134375 0.3453125 0.07500000000000001 0.08229166666666667
0 0.187890625 0.1046875 0.039843750000000004 0.053125
0 0.21992187500000002 0.036458333333333336 0.03359375 0.052083333333333336
0 0.19492187500000002 0.046875 0.03359375 0.04583333333333333
0 0.31484375000000003 0.1375 0.037500000000000006 0.03958333333333333
0 0.27773437500000003 0.1125 0.039843750000000004 0.052083333333333336
0 0.244140625 0.11770833333333333 0.03828125 0.05625
0 0.36796875 0.09010416666666667 0.034375 0.046875
0 0.46406250000000004 0.15572916666666667 0.0234375 0.028125
0 0.878515625 0.17395833333333333 0.08203125 0.10625
0 0.721875 0.5359375 0.07500000000000001 0.096875
0 0.7976562500000001 0.5348958333333333 0.08125 0.109375
0 0.568359375 0.61875 0.08515625 0.11041666666666666
0 0.45820312500000004 0.5614583333333333 0.07421875 0.1
0 0.44179687500000003 0.7473958333333334 0.07734375 0.09895833333333333
0 0.23398437500000002 0.9630208333333333 0.06953125 0.065625
0 0.14960937500000002 0.5958333333333333 0.08359375000000001 0.0875
0 0.05234375 0.525 0.065625 0.08125
