0 0.280859375 0.5817708333333333 0.08984375 0.10520833333333333
0 0.22578125000000002 0.7489583333333333 0.09375 0.11666666666666667
0 0.08867187500000001 0.7333333333333333 0.08828125 0.12291666666666666
0 0.15546875000000002 0.7833333333333333 0.0703125 0.12083333333333333
0 0.470703125 0.5947916666666666 0.09921875000000001 0.13541666666666666
0 0.48984375 0.4505208333333333 0.1 0.11979166666666667
0 0.667578125 0.33177083333333335 0.08046875 0.13645833333333332
0 0.75 0.3359375 0.0890625 0.11562499999999999
0 0.943359375 0.05625 0.10390625 0.11041666666666666
0 0.9046875000000001 0.68125 0.096875 0.13125
0 0.31328125 0.2984375 0.045312500000000006 0.06145833333333333
0 0.106640625 0.21145833333333333 0.049218750000000006 0.058333333333333334
0 0.478125 0.02395833333333333 0.0765625 0.04583333333333333
