0 0.021484375 0.4005208333333333 0.041406250000000006 0.084375
0 0.23046875 0.3458333333333333 0.05 0.06458333333333333
0 0.304296875 0.15 0.08515625 0.1125
0 0.253125 0.17916666666666667 0.059375000000000004 0.09166666666666666
0 0.226953125 0.07135416666666666 0.06328125 0.09270833333333334
0 0.564453125 0.0984375 0.03515625 0.053125
0 0.401171875 0.2838541666666667 0.08984375 0.11562499999999999
0 0.33828125000000003 0.3489583333333333 0.08125 0.10625
0 0.44062500000000004 0.5 0.09062500000000001 0.10416666666666667
0 0.39492187500000003 0.5536458333333333 0.05390625 0.05520833333333333
0 0.41875 0.6515625 0.0671875 0.07604166666666666
0 0.5015625 0.5765625 0.0703125 0.07604166666666666
0 0.53828125 0.51875 0.0765625 0.08958333333333333
0 0.6316406250000001 0.471875 0.08671875000000001 0.12291666666666666
0 0.770703125 0.5125 0.07109375 0.09791666666666667
0 0.696484375 0.55 0.07734375 0.10833333333333334
0 0.844921875 0.5145833333333333 0.06953125 0.08958333333333333
0 0.765234375 0.9677083333333333 0.06484375 0.06458333333333333
0 0.9593750000000001 0.9473958333333333 0.0578125 0.07604166666666666
0 0.25859375 0.7744791666666666 0.0578125 0.08645833333333333
0 0.19882812500000002 0.9364583333333333 0.041406250000000006 0.06666666666666667
0 0.26406250000000003 0.9041666666666667 0.05625 0.09166666666666666
0 0.033984375000000004 0.896875 0.06015625 0.10625
0 0.091796875 0.6885416666666666 0.049218750000000006 0.07291666666666667
0 0.597265625 0.0296875 0.039843750000000004 0.04479166666666667
0 0.562890625 0.040625 0.03671875 0.052083333333333336
0 0.523046875 0.6520833333333333 0.07578125000000001 0.08958333333333333
