0 0.11406250000000001 0.20729166666666665 0.08281250000000001 0.11875
0 0.057421875000000004 0.203125 0.06171875 0.11041666666666666
0 0.21328125 0.08385416666666666 0.0890625 0.12604166666666666
0 0.55703125 0.034895833333333334 0.084375 0.06770833333333333
0 0.425390625 0.2453125 0.04609375 0.059375
0 0.46132812500000003 0.22395833333333334 0.047656250000000004 0.06458333333333333
0 0.37539062500000003 0.24895833333333334 0.041406250000000006 0.05
0 0.49140625000000004 0.3703125 0.040625 0.06145833333333333
0 0.640625 0.2520833333333333 0.0390625 0.06666666666666667
0 0.62265625 0.32135416666666666 0.037500000000000006 0.053125
0 0.909765625 0.5416666666666666 0.07890625000000001 0.11458333333333333
0 0.66015625 0.7036458333333333 0.08281250000000001 0.09479166666666666
0 0.5886718750000001 0.7484375 0.07734375 0.109375
0 0.9359375000000001 0.8770833333333333 0.07500000000000001 0.09166666666666666
0 0.73359375 0.9645833333333333 0.043750000000000004 0.0625
0 0.401171875 0.9161458333333333 0.08046875 0.096875
0 0.26171875 0.7838541666666666 0.07187500000000001 0.090625
0 0.25703125 0.6802083333333333 0.08750000000000001 0.11458333333333333
0 0.330859375 0.7604166666666666 0.07734375 0.09583333333333333
0 0.191796875 0.6838541666666667 0.04609375 0.09270833333333334
0 0.06640625 0.6901041666666666 0.0765625 0.10729166666666666
0 0.1640625 0.8770833333333333 0.059375000000000004 0.07916666666666666
0 0.23750000000000002 0.85625 0.08125 0.09375
0 0.2609375 0.38177083333333334 0.0203125 0.028125
0 0.26992187500000003 0.5520833333333334 0.032031250000000004 0.04791666666666666
0 0.33046875000000003 0.0953125 0.05625 0.11354166666666667
0 0.265234375 0.08645833333333333 0.05234375 0.10625
