0 0.152734375 0.4864583333333333 0.07578125000000001 0.09791666666666667
0 0.225390625 0.42291666666666666 0.07578125000000001 0.11875
0 0.286328125 0.3958333333333333 0.07421875 0.11041666666666666
0 0.21054687500000002 0.6166666666666667 0.08046875 0.10416666666666667
0 0.443359375 0.5828125 0.05078125 0.065625
0 0.642578125 0.5567708333333333 0.08359375000000001 0.13229166666666667
0 0.712109375 0.5583333333333333 0.08046875 0.11041666666666666
0 0.8296875 0.5203125 0.08125 0.09270833333333334
0 0.86484375 0.6088541666666667 0.0625 0.10104166666666667
0 0.911328125 0.7046875 0.08046875 0.109375
0 0.7308593750000001 0.8614583333333333 0.07265625 0.09166666666666666
0 0.809765625 0.9046875 0.07109375 0.10520833333333333
0 0.86875 0.875 0.065625 0.11458333333333333
0 0.501171875 0.9515625 0.05234375 0.053125
0 0.56171875 0.4145833333333333 0.08750000000000001 0.12083333333333333
0 0.020703125000000003 0.5791666666666666 0.039843750000000004 0.10833333333333334
