0 0.523046875 0.6291666666666667 0.07578125000000001 0.10625
0 0.546484375 0.7447916666666666 0.08515625 0.1
0 0.6820312500000001 0.8604166666666666 0.07500000000000001 0.08958333333333333
0 0.7367187500000001 0.8572916666666667 0.07187500000000001 0.09166666666666666
0 0.7347656250000001 0.78125 0.06484375 0.09166666666666666
0 0.779296875 0.6447916666666667 0.07421875 0.08958333333333333
0 0.9769531250000001 0.6380208333333334 0.04296875 0.10104166666666667
0 0.9832031250000001 0.47291666666666665 0.03359375 0.1
0 0.5609375 0.4671875 0.0765625 0.090625
0 0.48515625 0.4973958333333333 0.0890625 0.11979166666666667
0 0.346484375 0.47552083333333334 0.08203125 0.109375
0 0.282421875 0.6713541666666667 0.07578125000000001 0.08854166666666667
0 0.178125 0.9484374999999999 0.07968750000000001 0.096875
0 0.11796875000000001 0.9739583333333334 0.0734375 0.052083333333333336
0 0.091796875 0.6375 0.08359375000000001 0.11458333333333333
0 0.1328125 0.35260416666666666 0.084375 0.11770833333333333
0 0.201953125 0.1546875 0.04609375 0.071875
0 0.32890625 0.10104166666666667 0.07187500000000001 0.10208333333333333
0 0.651953125 0.0265625 0.07890625000000001 0.051041666666666666
0 0.7464843750000001 0.028645833333333332 0.07109375 0.05520833333333333
0 0.44375000000000003 0.022916666666666665 0.0765625 0.04375
0 0.37226562500000004 0.23124999999999998 0.022656250000000003 0.03125
0 0.37929687500000003 0.2640625 0.02109375 0.030208333333333334
