0 0.19687500000000002 0.20260416666666667 0.1015625 0.12395833333333334
0 0.35664062500000004 0.14270833333333333 0.10546875 0.13541666666666666
0 0.38007812500000004 0.42291666666666666 0.11640625 0.13333333333333333
0 0.43281250000000004 0.34479166666666666 0.08125 0.11458333333333333
0 0.63046875 0.5609375 0.11093750000000001 0.146875
0 0.5554687500000001 0.6895833333333333 0.08750000000000001 0.11666666666666667
0 0.6238281250000001 0.7833333333333333 0.09453125000000001 0.13333333333333333
0 0.6527343750000001 0.6609375 0.10234375000000001 0.10520833333333333
0 0.45625000000000004 0.9 0.084375 0.11041666666666666
0 0.56875 0.8744791666666667 0.1015625 0.11562499999999999
0 0.76953125 0.9208333333333333 0.045312500000000006 0.06875
0 0.137109375 0.5609375 0.09453125000000001 0.103125
