0 0.173828125 0.22552083333333334 0.11171875 0.17395833333333333
0 0.593359375 0.096875 0.08984375 0.12708333333333333
0 0.655859375 0.11458333333333333 0.05078125 0.09791666666666667
0 0.758984375 0.018229166666666668 0.06953125 0.03229166666666666
0 0.77734375 0.08958333333333333 0.08281250000000001 0.07708333333333334
0 0.8523437500000001 0.0609375 0.07500000000000001 0.09270833333333334
0 0.96640625 0.20572916666666666 0.0671875 0.10729166666666666
0 0.9421875000000001 0.2942708333333333 0.07187500000000001 0.090625
0 0.916015625 0.31927083333333334 0.047656250000000004 0.053125
0 0.18359375 0.7145833333333333 0.06406250000000001 0.09583333333333333
0 0.5789062500000001 0.6864583333333333 0.09062500000000001 0.10416666666666667
0 0.6937500000000001 0.7046875 0.09375 0.121875
0 0.5847656250000001 0.9609375 0.08203125 0.078125
0 0.6644531250000001 0.9671875 0.06640625 0.057291666666666664
