0 0.158984375 0.6145833333333334 0.08984375 0.11458333333333333
0 0.220703125 0.4270833333333333 0.09453125000000001 0.11458333333333333
0 0.27773437500000003 0.12395833333333334 0.09140625000000001 0.12083333333333333
0 0.33515625000000004 0.10781249999999999 0.065625 0.09479166666666666
0 0.31757812500000004 0.675 0.09609375 0.12083333333333333
0 0.244140625 0.6927083333333334 0.07578125000000001 0.1125
0 0.7429687500000001 0.6432291666666666 0.09843750000000001 0.128125
0 0.6433593750000001 0.5604166666666667 0.04453125 0.08333333333333333
0 0.858984375 0.34479166666666666 0.09140625000000001 0.125
0 0.9167968750000001 0.24166666666666667 0.08359375000000001 0.11041666666666666
0 0.9375 0.5197916666666667 0.08281250000000001 0.11458333333333333
0 0.9535156250000001 0.8583333333333333 0.07265625 0.10416666666666667
0 0.48359375000000004 0.9166666666666666 0.0421875 0.052083333333333336
0 0.28164062500000003 0.9421875 0.05859375 0.07395833333333333
0 0.22617187500000002 0.9369791666666667 0.057031250000000006 0.06354166666666666
