0 0.509375 0.6942708333333333 0.0890625 0.11979166666666667
0 0.573828125 0.7411458333333333 0.06484375 0.11979166666666667
0 0.65234375 0.7041666666666666 0.0921875 0.12083333333333333
0 0.70234375 0.5255208333333333 0.09062500000000001 0.10729166666666666
0 0.896484375 0.5416666666666666 0.09140625000000001 0.125
0 0.8972656250000001 0.40989583333333335 0.09453125000000001 0.134375
0 0.41718750000000004 0.7135416666666666 0.065625 0.10625
0 0.2828125 0.6479166666666667 0.08125 0.11875
0 0.18203125 0.6760416666666667 0.07968750000000001 0.11041666666666666
0 0.5 0.26458333333333334 0.045312500000000006 0.07291666666666667
0 0.28750000000000003 0.17239583333333333 0.05 0.057291666666666664
0 0.634375 0.20520833333333333 0.021875000000000002 0.027083333333333334
0 0.460546875 0.2953125 0.022656250000000003 0.03229166666666666
0 0.7269531250000001 0.26875 0.01953125 0.020833333333333332
