0 0.35234375 0.165625 0.0890625 0.12083333333333333
0 0.39492187500000003 0.290625 0.09609375 0.12291666666666666
0 0.33320312500000004 0.3411458333333333 0.06953125 0.09895833333333333
0 0.578125 0.11145833333333333 0.046875 0.058333333333333334
0 0.6683593750000001 0.1390625 0.04609375 0.059375
0 0.6453125000000001 0.07708333333333334 0.045312500000000006 0.05
0 0.7582031250000001 0.184375 0.04609375 0.06458333333333333
0 0.66796875 0.19947916666666665 0.046875 0.053125
0 0.634765625 0.2203125 0.04296875 0.051041666666666666
0 0.642578125 0.27239583333333334 0.047656250000000004 0.05520833333333333
0 0.7296875 0.4114583333333333 0.0546875 0.07916666666666666
0 0.659765625 0.4536458333333333 0.06015625 0.06770833333333333
0 0.696875 0.5401041666666666 0.09375 0.109375
0 0.6218750000000001 0.6041666666666666 0.0734375 0.10208333333333333
0 0.568359375 0.5963541666666666 0.05859375 0.096875
0 0.521484375 0.19375 0.039843750000000004 0.052083333333333336
0 0.358203125 0.8869791666666667 0.06953125 0.11562499999999999
0 0.23046875 0.7895833333333333 0.0859375 0.10625
0 0.88828125 0.94375 0.0734375 0.08333333333333333
