0 0.13125 0.23541666666666666 0.09531250000000001 0.13125
0 0.035546875 0.3578125 0.06953125 0.11979166666666667
0 0.049609375000000004 0.5432291666666667 0.08515625 0.121875
0 0.21210937500000002 0.6411458333333333 0.10078125 0.13020833333333334
0 0.15351562500000002 0.8739583333333333 0.08046875 0.09791666666666667
0 0.6160156250000001 0.041666666666666664 0.08359375000000001 0.08125
0 0.703125 0.03125 0.096875 0.06041666666666667
0 0.27734375 0.28072916666666664 0.1046875 0.140625
0 0.232421875 0.14479166666666665 0.10703125000000001 0.1125
0 0.9085937500000001 0.4864583333333333 0.09843750000000001 0.12708333333333333
0 0.7875000000000001 0.5921875 0.096875 0.13229166666666667
0 0.8933593750000001 0.5729166666666666 0.08828125 0.0625
0 0.8601562500000001 0.6390625 0.0890625 0.090625
0 0.6515625 0.9713541666666666 0.0484375 0.057291666666666664
0 0.8621093750000001 0.9145833333333333 0.07890625000000001 0.10208333333333333
0 0.8515625 0.11302083333333333 0.08281250000000001 0.109375
