0 0.14921875 0.05520833333333333 0.10312500000000001 0.10625
0 0.61484375 0.05 0.1125 0.09791666666666667
0 0.4890625 0.04114583333333333 0.09531250000000001 0.07604166666666666
0 0.40390625 0.20572916666666666 0.0328125 0.057291666666666664
0 0.33437500000000003 0.2359375 0.0546875 0.05520833333333333
0 0.624609375 0.334375 0.05390625 0.06041666666666667
0 0.388671875 0.7072916666666667 0.09921875000000001 0.10416666666666667
0 0.23671875 0.7244791666666667 0.08125 0.10520833333333333
0 0.47968750000000004 0.7713541666666667 0.09062500000000001 0.10520833333333333
0 0.559765625 0.8786458333333333 0.08203125 0.10729166666666666
0 0.8679687500000001 0.665625 0.1 0.11041666666666666
0 0.946875 0.5802083333333333 0.0890625 0.11666666666666667
0 0.140234375 0.753125 0.08671875000000001 0.11041666666666666
