0 0.08085937500000001 0.4942708333333333 0.10078125 0.12604166666666666
0 0.41875 0.6114583333333333 0.1078125 0.14583333333333334
0 0.7078125000000001 0.6135416666666667 0.08281250000000001 0.11875
0 0.7582031250000001 0.4984375 0.10703125000000001 0.14895833333333333
0 0.870703125 0.48020833333333335 0.09765625 0.125
0 0.88046875 0.590625 0.096875 0.1125
0 0.94453125 0.3625 0.09062500000000001 0.10833333333333334
0 0.727734375 0.15833333333333333 0.047656250000000004 0.052083333333333336
0 0.532421875 0.5385416666666667 0.06640625 0.08333333333333333
0 0.10507812500000001 0.13072916666666667 0.08671875000000001 0.084375
