0 0.19453125000000002 0.4979166666666667 0.096875 0.12708333333333333
0 0.54140625 0.61875 0.11093750000000001 0.14166666666666666
0 0.8695312500000001 0.5083333333333333 0.096875 0.14166666666666666
0 0.823828125 0.6151041666666667 0.08046875 0.11145833333333333
0 0.696484375 0.48802083333333335 0.07578125000000001 0.06979166666666667
0 0.198046875 0.12447916666666667 0.07578125000000001 0.090625
0 0.025 0.05520833333333333 0.0484375 0.10625
0 0.566796875 0.2677083333333333 0.03828125 0.058333333333333334
0 0.96640625 0.4869791666666667 0.0671875 0.128125
0 0.24375000000000002 0.8505208333333333 0.0703125 0.078125
0 0.211328125 0.6567708333333333 0.10234375000000001 0.096875
0 0.1265625 0.609375 0.0765625 0.15625
0 0.279296875 0.9708333333333333 0.04296875 0.041666666666666664
