0 0.525 0.20520833333333333 0.045312500000000006 0.05625
0 0.20429687500000002 0.5359375 0.08984375 0.11770833333333333
0 0.17148437500000002 0.4432291666666667 0.04296875 0.057291666666666664
0 0.3453125 0.07864583333333333 0.0890625 0.11979166666666667
0 0.278515625 0.0390625 0.09296875 0.07604166666666666
0 0.63203125 0.53125 0.08281250000000001 0.1125
0 0.5007812500000001 0.43124999999999997 0.043750000000000004 0.05416666666666667
0 0.5769531250000001 0.6427083333333333 0.07109375 0.10625
0 0.516796875 0.6557291666666667 0.06328125 0.06979166666666667
0 0.39609375 0.6453125 0.0390625 0.053125
0 0.6328125 0.8119791666666667 0.0328125 0.034375
