0 0.11484375000000001 0.28541666666666665 0.035937500000000004 0.052083333333333336
0 0.2625 0.06614583333333333 0.1203125 0.13020833333333334
0 0.32578125 0.14791666666666667 0.096875 0.12708333333333333
0 0.659375 0.125 0.11093750000000001 0.1625
0 0.727734375 0.0796875 0.09609375 0.15729166666666666
0 0.787109375 0.058854166666666666 0.06484375 0.11354166666666667
0 0.95859375 0.5838541666666667 0.078125 0.14270833333333333
0 0.9007812500000001 0.2875 0.0484375 0.07291666666666667
0 0.86640625 0.325 0.053125000000000006 0.06875
0 0.6785156250000001 0.25104166666666666 0.03828125 0.06041666666666667
0 0.5457031250000001 0.2984375 0.047656250000000004 0.06770833333333333
0 0.5984375000000001 0.5901041666666667 0.10312500000000001 0.14270833333333333
0 0.5203125000000001 0.6791666666666667 0.09843750000000001 0.14375
0 0.452734375 0.7723958333333333 0.10859375 0.13854166666666667
0 0.327734375 0.6973958333333333 0.08828125 0.13229166666666667
0 0.319140625 0.5614583333333333 0.09609375 0.13125
0 0.233203125 0.578125 0.07890625000000001 0.1125
0 0.189453125 0.765625 0.08515625 0.1125
0 0.047265625000000006 0.7234375 0.08046875 0.08854166666666667
0 0.692578125 0.8312499999999999 0.09140625000000001 0.11666666666666667
0 0.766796875 0.7291666666666666 0.10703125000000001 0.14375
0 0.852734375 0.7166666666666667 0.07265625 0.13541666666666666
0 0.883984375 0.9635416666666666 0.08828125 0.06875
0 0.611328125 0.7786458333333334 0.07421875 0.13645833333333332
0 0.494140625 0.9635416666666666 0.049218750000000006 0.06875
0 0.358203125 0.7791666666666667 0.08046875 0.125
0 0.4890625 0.11197916666666667 0.10312500000000001 0.13854166666666667
0 0.3171875 0.2578125 0.0390625 0.06145833333333333
0 0.34296875000000004 0.32760416666666664 0.046875 0.059375
0 0.197265625 0.240625 0.03671875 0.04583333333333333
0 0.24765625000000002 0.20416666666666666 0.0390625 0.04583333333333333
0 0.169921875 0.221875 0.03828125 0.052083333333333336
0 0.078515625 0.37604166666666666 0.03828125 0.04791666666666666
0 0.10078125 0.32916666666666666 0.0421875 0.058333333333333334
0 0.09609375 0.027604166666666666 0.035937500000000004 0.04895833333333333
