0 0.14765625000000002 0.5828125 0.0890625 0.128125
0 0.06484375 0.728125 0.078125 0.09166666666666666
0 0.22226562500000002 0.5932291666666667 0.07421875 0.11770833333333333
0 0.39687500000000003 0.2546875 0.109375 0.13645833333333332
0 0.5328125 0.071875 0.1234375 0.13333333333333333
0 0.65546875 0.5822916666666667 0.046875 0.06875
0 0.475390625 0.6192708333333333 0.08359375000000001 0.121875
0 0.40742187500000004 0.7421875 0.09609375 0.11979166666666667
0 0.41718750000000004 0.8604166666666666 0.0921875 0.09375
0 0.280078125 0.7526041666666666 0.08984375 0.11770833333333333
0 0.8140625 0.6833333333333333 0.07968750000000001 0.11041666666666666
0 0.9089843750000001 0.8036458333333333 0.08046875 0.11979166666666667
0 0.8421875000000001 0.7979166666666666 0.0734375 0.09375
0 0.9171875 0.5604166666666667 0.07500000000000001 0.1
0 0.8480468750000001 0.5489583333333333 0.07421875 0.09166666666666666
0 0.76953125 0.2671875 0.046875 0.053125
0 0.7097656250000001 0.2734375 0.04609375 0.05520833333333333
0 0.7917968750000001 0.12291666666666666 0.04296875 0.05416666666666667
0 0.024609375000000003 0.058333333333333334 0.047656250000000004 0.11458333333333333
0 0.571875 0.6984375 0.018750000000000003 0.026041666666666668
0 0.7140625 0.7265625 0.0203125 0.028125
0 0.7699218750000001 0.7807291666666667 0.017968750000000002 0.028125
0 0.65390625 0.7041666666666666 0.0234375 0.027083333333333334
0 0.480078125 0.7661458333333333 0.02421875 0.034375
