0 0.22187500000000002 0.078125 0.0859375 0.10625
0 0.16953125000000002 0.03854166666666667 0.0671875 0.075
0 0.373828125 0.09791666666666667 0.08671875000000001 0.125
0 0.30234375 0.11354166666666667 0.0734375 0.10208333333333333
0 0.5375 0.05364583333333333 0.1 0.10520833333333333
0 0.603515625 0.05364583333333333 0.07421875 0.10520833333333333
0 0.398046875 0.17135416666666667 0.08203125 0.09270833333333334
0 0.25429687500000003 0.4197916666666667 0.07734375 0.10416666666666667
0 0.043750000000000004 0.5614583333333333 0.0765625 0.11458333333333333
0 0.0859375 0.7364583333333333 0.0765625 0.10208333333333333
0 0.158203125 0.7151041666666667 0.07109375 0.10104166666666667
0 0.48164062500000004 0.4536458333333333 0.08828125 0.11354166666666667
0 0.505078125 0.3375 0.08515625 0.09583333333333333
0 0.5906250000000001 0.5119791666666667 0.078125 0.06770833333333333
0 0.56640625 0.7307291666666667 0.08750000000000001 0.11770833333333333
0 0.6667968750000001 0.7166666666666667 0.07734375 0.10208333333333333
0 0.7230468750000001 0.7072916666666667 0.07109375 0.09166666666666666
0 0.8542968750000001 0.6802083333333333 0.07890625000000001 0.13125
0 0.784765625 0.7833333333333333 0.08671875000000001 0.1
0 0.8625 0.8651041666666667 0.0703125 0.09479166666666666
0 0.9769531250000001 0.6640625 0.04609375 0.11145833333333333
0 0.97265625 0.8338541666666667 0.0546875 0.10104166666666667
0 0.298828125 0.9484374999999999 0.09140625000000001 0.10104166666666667
0 0.44375000000000003 0.7567708333333333 0.0421875 0.096875
0 0.37265625 0.7604166666666666 0.060937500000000006 0.08333333333333333
0 0.661328125 0.2635416666666667 0.03828125 0.06666666666666667
0 0.9296875 0.1859375 0.07187500000000001 0.11354166666666667
0 0.12734375 0.146875 0.0390625 0.05
