0 0.32148437500000004 0.7619791666666667 0.11328125 0.140625
0 0.4453125 0.7625 0.125 0.15625
0 0.295703125 0.3625 0.11953125 0.18541666666666667
0 0.17890625000000002 0.3442708333333333 0.1265625 0.16770833333333332
0 0.299609375 0.0546875 0.09921875000000001 0.10729166666666666
0 0.676953125 0.07916666666666666 0.10703125000000001 0.12708333333333333
0 0.7582031250000001 0.06458333333333333 0.08359375000000001 0.12291666666666666
0 0.8765625 0.09583333333333333 0.0859375 0.13125
0 0.954296875 0.14166666666666666 0.08359375000000001 0.15
0 0.817578125 0.8135416666666666 0.08984375 0.14375
0 0.7371093750000001 0.7770833333333333 0.09921875000000001 0.16458333333333333
0 0.7203125 0.9093749999999999 0.0484375 0.06458333333333333
0 0.615234375 0.9703125 0.05390625 0.05520833333333333
0 0.0734375 0.7135416666666666 0.0921875 0.13333333333333333
0 0.06640625 0.5807291666666666 0.096875 0.12395833333333334
0 0.037890625000000004 0.24635416666666665 0.030468750000000003 0.053125
0 0.025390625 0.09791666666666667 0.032031250000000004 0.04791666666666666
0 0.516796875 0.26979166666666665 0.05390625 0.07291666666666667
0 0.487109375 0.3072916666666667 0.05078125 0.058333333333333334
0 0.4703125 0.38645833333333335 0.026562500000000003 0.0375
0 0.17539062500000002 0.3385416666666667 0.11328125 0.17708333333333334
