0 0.012890625000000001 0.4458333333333333 0.02421875 0.07083333333333333
0 0.02734375 0.121875 0.034375 0.05625
0 0.016015625000000002 0.06354166666666666 0.02890625 0.04791666666666666
0 0.33632812500000003 0.37395833333333334 0.07578125000000001 0.11041666666666666
0 0.294140625 0.4786458333333333 0.07734375 0.10104166666666667
0 0.265625 0.5791666666666666 0.07187500000000001 0.09166666666666666
0 0.384375 0.5682291666666667 0.0734375 0.09270833333333334
0 0.35546875 0.7567708333333333 0.0703125 0.09270833333333334
0 0.316015625 0.884375 0.06484375 0.08125
0 0.032031250000000004 0.8942708333333333 0.053125000000000006 0.078125
0 0.747265625 0.9651041666666667 0.07109375 0.06979166666666667
0 0.880859375 0.4244791666666667 0.07109375 0.10520833333333333
0 0.8894531250000001 0.5072916666666667 0.07734375 0.09375
0 0.607421875 0.5546875 0.08046875 0.109375
0 0.57578125 0.6151041666666667 0.07500000000000001 0.09479166666666666
0 0.6433593750000001 0.3729166666666667 0.08046875 0.10208333333333333
0 0.835546875 0.027604166666666666 0.07109375 0.053125
