0 0.128515625 0.3442708333333333 0.07265625 0.084375
0 0.191796875 0.15260416666666665 0.07890625000000001 0.11145833333333333
0 0.13984375000000002 0.07552083333333333 0.065625 0.09479166666666666
0 0.22617187500000002 0.3458333333333333 0.07421875 0.10625
0 0.2859375 0.28125 0.08281250000000001 0.11458333333333333
0 0.37734375000000003 0.15572916666666667 0.045312500000000006 0.06354166666666666
0 0.41445312500000003 0.12343749999999999 0.04453125 0.053125
0 0.5085937500000001 0.03125 0.046875 0.058333333333333334
0 0.32539062500000004 0.4947916666666667 0.08828125 0.1125
0 0.32734375000000004 0.6427083333333333 0.0578125 0.08541666666666667
0 0.162890625 0.7609375 0.06015625 0.078125
0 0.042578125 0.6786458333333333 0.05234375 0.08020833333333333
0 0.43085937500000004 0.6390625 0.07109375 0.07604166666666666
0 0.4 0.5645833333333333 0.08125 0.09583333333333333
0 0.43476562500000004 0.5072916666666667 0.06953125 0.09583333333333333
0 0.507421875 0.46770833333333334 0.08515625 0.12083333333333333
0 0.5890625 0.5390625 0.078125 0.10104166666666667
0 0.6566406250000001 0.5052083333333334 0.07578125000000001 0.10416666666666667
0 0.73984375 0.5145833333333333 0.06875 0.09583333333333333
0 0.9011718750000001 0.5875 0.08203125 0.10833333333333334
0 0.86875 0.9515625 0.06406250000000001 0.08020833333333333
0 0.6734375 0.9651041666666667 0.06875 0.065625
0 0.61484375 0.1109375 0.040625 0.05520833333333333
