0 0.096875 0.4171875 0.08281250000000001 0.10104166666666667
0 0.15625 0.12552083333333333 0.09375 0.11145833333333333
0 0.217578125 0.11302083333333333 0.05234375 0.090625
0 0.045703125000000004 0.6015625 0.07890625000000001 0.10520833333333333
0 0.12460937500000001 0.6677083333333333 0.057031250000000006 0.10833333333333334
0 0.19453125000000002 0.6640625 0.09062500000000001 0.11770833333333333
0 0.608984375 0.6354166666666666 0.11015625000000001 0.12291666666666666
0 0.739453125 0.3380208333333333 0.10234375000000001 0.13229166666666667
0 0.80234375 0.2296875 0.0890625 0.12395833333333334
0 0.89375 0.21927083333333333 0.09531250000000001 0.128125
0 0.81640625 0.521875 0.0859375 0.13125
0 0.89375 0.6432291666666666 0.08281250000000001 0.103125
0 0.843359375 0.8583333333333333 0.07421875 0.09791666666666667
0 0.8753906250000001 0.9135416666666667 0.08203125 0.10625
0 0.69453125 0.9177083333333333 0.08281250000000001 0.0875
0 0.22773437500000002 0.9166666666666666 0.03359375 0.04791666666666666
0 0.17304687500000002 0.9286458333333333 0.05078125 0.06354166666666666
