0 0.056640625 0.48385416666666664 0.07265625 0.103125
0 0.12812500000000002 0.41562499999999997 0.07500000000000001 0.11458333333333333
0 0.18906250000000002 0.39166666666666666 0.0671875 0.10833333333333334
0 0.117578125 0.6130208333333333 0.07421875 0.10520833333333333
0 0.38789062500000004 0.5833333333333334 0.049218750000000006 0.07083333333333333
0 0.44648437500000004 0.4088541666666667 0.08515625 0.11562499999999999
0 0.519140625 0.5458333333333333 0.07734375 0.11875
0 0.591015625 0.5489583333333333 0.08046875 0.10416666666666667
0 0.722265625 0.5130208333333334 0.06640625 0.09270833333333334
0 0.91953125 0.3578125 0.0890625 0.13020833333333334
0 0.883984375 0.63125 0.08671875000000001 0.11875
0 0.82734375 0.6286458333333333 0.05625 0.109375
0 0.779296875 0.609375 0.06953125 0.09791666666666667
0 0.7742187500000001 0.8708333333333333 0.0734375 0.10416666666666667
0 0.8265625000000001 0.7098958333333333 0.065625 0.10104166666666667
0 0.70703125 0.9015624999999999 0.0671875 0.09270833333333334
0 0.899609375 0.9682291666666667 0.06953125 0.06354166666666666
0 0.953125 0.934375 0.065625 0.09791666666666667
0 0.5964843750000001 0.9760416666666667 0.06640625 0.04791666666666666
0 0.6277343750000001 0.8489583333333334 0.06796875000000001 0.07708333333333334
