0 0.07187500000000001 0.23229166666666667 0.0484375 0.058333333333333334
0 0.35625 0.058333333333333334 0.09843750000000001 0.10416666666666667
0 0.45625000000000004 0.06979166666666667 0.0890625 0.12083333333333333
0 0.7328125000000001 0.050520833333333334 0.09531250000000001 0.096875
0 0.6957031250000001 0.16927083333333334 0.09453125000000001 0.140625
0 0.655859375 0.66875 0.08359375000000001 0.12291666666666666
0 0.730078125 0.715625 0.08671875000000001 0.11666666666666667
0 0.248828125 0.6541666666666667 0.10234375000000001 0.12916666666666665
0 0.21953125 0.778125 0.078125 0.1125
0 0.22968750000000002 0.5177083333333333 0.0671875 0.0875
