0 0.21875 0.14479166666666665 0.0484375 0.09791666666666667
0 0.7273437500000001 0.022916666666666665 0.0765625 0.04375
0 0.7722656250000001 0.4192708333333333 0.07734375 0.11354166666666667
0 0.7820312500000001 0.49635416666666665 0.07500000000000001 0.09270833333333334
0 0.9296875 0.40989583333333335 0.0734375 0.11979166666666667
0 0.9695312500000001 0.4739583333333333 0.05625 0.09791666666666667
0 0.9828125000000001 0.6140625 0.0328125 0.10104166666666667
0 0.491796875 0.5494791666666666 0.08203125 0.11145833333333333
0 0.5296875 0.3671875 0.07968750000000001 0.10104166666666667
0 0.46953125 0.6104166666666666 0.078125 0.0875
0 0.25625000000000003 0.7442708333333333 0.0703125 0.09479166666666666
0 0.28203125 0.5604166666666667 0.065625 0.10416666666666667
0 0.17343750000000002 0.5744791666666667 0.0703125 0.10104166666666667
0 0.19921875 0.46822916666666664 0.07500000000000001 0.10729166666666666
0 0.22773437500000002 0.3692708333333333 0.07890625000000001 0.10729166666666666
0 0.6472656250000001 0.9640624999999999 0.06796875000000001 0.071875
0 0.2171875 0.8692708333333333 0.0671875 0.07604166666666666
