0 0.25234375000000003 0.2552083333333333 0.1015625 0.13958333333333334
0 0.3953125 0.07239583333333333 0.10312500000000001 0.14270833333333333
0 0.265625 0.0296875 0.1015625 0.057291666666666664
0 0.359375 0.6145833333333334 0.0890625 0.1125
0 0.300390625 0.7338541666666667 0.08359375000000001 0.121875
0 0.308203125 0.8468749999999999 0.09140625000000001 0.08958333333333333
0 0.18125000000000002 0.7416666666666667 0.09531250000000001 0.12291666666666666
0 0.11796875000000001 0.5765625 0.07500000000000001 0.10520833333333333
0 0.046875 0.5802083333333333 0.0734375 0.12708333333333333
0 0.80390625 0.8005208333333333 0.0734375 0.11145833333333333
0 0.8832031250000001 0.5203125 0.06953125 0.109375
0 0.816015625 0.5583333333333333 0.06953125 0.10833333333333334
0 0.7371093750000001 0.54375 0.06796875000000001 0.09375
0 0.657421875 0.2640625 0.047656250000000004 0.053125
0 0.7125 0.25885416666666666 0.053125000000000006 0.05520833333333333
0 0.744140625 0.11770833333333333 0.04296875 0.05
0 0.744140625 0.04635416666666667 0.047656250000000004 0.046875
0 0.455078125 0.575 0.049218750000000006 0.06875
0 0.49531250000000004 0.7348958333333333 0.0234375 0.026041666666666668
0 0.46171875 0.7604166666666666 0.0203125 0.027083333333333334
0 0.5515625000000001 0.6927083333333334 0.018750000000000003 0.027083333333333334
0 0.07421875 0.12083333333333333 0.0203125 0.025
0 0.096875 0.16510416666666666 0.021875000000000002 0.026041666666666668
