0 0.409765625 0.18802083333333333 0.07890625000000001 0.09895833333333333
0 0.7054687500000001 0.04010416666666666 0.060937500000000006 0.078125
0 0.7734375 0.05625 0.08125 0.10208333333333333
0 0.8386718750000001 0.09791666666666667 0.07109375 0.10625
0 0.9363281250000001 0.09427083333333333 0.08359375000000001 0.11354166666666667
0 0.80625 0.3984375 0.078125 0.103125
0 0.548828125 0.5427083333333333 0.08515625 0.11875
0 0.49648437500000003 0.5010416666666666 0.06484375 0.10208333333333333
0 0.5730468750000001 0.7197916666666666 0.08359375000000001 0.11041666666666666
0 0.646484375 0.6947916666666667 0.07734375 0.11041666666666666
0 0.8152343750000001 0.9249999999999999 0.07421875 0.10833333333333334
0 0.853515625 0.7385416666666667 0.047656250000000004 0.05625
0 0.40390625 0.8036458333333333 0.0625 0.05520833333333333
0 0.41835937500000003 0.7364583333333333 0.08515625 0.07708333333333334
0 0.50625 0.7244791666666667 0.07968750000000001 0.08854166666666667
0 0.448828125 0.6229166666666667 0.06328125 0.09375
0 0.38789062500000004 0.6546875 0.08359375000000001 0.11770833333333333
0 0.38671875 0.5291666666666667 0.078125 0.10625
0 0.209765625 0.5052083333333334 0.07578125000000001 0.09791666666666667
0 0.236328125 0.64375 0.07265625 0.08958333333333333
0 0.19062500000000002 0.6703125 0.07187500000000001 0.09270833333333334
0 0.03515625 0.6682291666666667 0.06875 0.08854166666666667
0 0.027734375000000002 0.7921875 0.05390625 0.08854166666666667
0 0.048046875 0.8651041666666667 0.06796875000000001 0.09895833333333333
0 0.035937500000000004 0.9562499999999999 0.065625 0.07708333333333334
0 0.267578125 0.0375 0.08671875000000001 0.07083333333333333
0 0.18828125 0.04479166666666667 0.084375 0.0875
0 0.46875 0.9567708333333333 0.0234375 0.026041666666666668
0 0.41796875 0.9395833333333333 0.0203125 0.025
