0 0.06640625 0.4828125 0.09843750000000001 0.10729166666666666
0 0.040234375 0.6223958333333334 0.07890625000000001 0.11145833333333333
0 0.2984375 0.3692708333333333 0.0921875 0.11562499999999999
0 0.22734375 0.3734375 0.06875 0.13020833333333334
0 0.470703125 0.0625 0.11171875 0.12291666666666666
0 0.41914062500000004 0.725 0.10078125 0.125
0 0.75703125 0.8765625 0.115625 0.14895833333333333
0 0.8765625 0.6572916666666666 0.0921875 0.1125
0 0.8328125000000001 0.5828125 0.09531250000000001 0.12395833333333334
0 0.8984375 0.5088541666666666 0.1015625 0.128125
0 0.9285156250000001 0.284375 0.08203125 0.11458333333333333
0 0.853515625 0.2 0.08671875000000001 0.12916666666666665
0 0.75 0.5770833333333333 0.0765625 0.10625
