0 0.156640625 0.5973958333333333 0.07734375 0.11354166666666667
0 0.05859375 0.6765625 0.07968750000000001 0.11562499999999999
0 0.47578125000000004 0.525 0.09375 0.125
0 0.22812500000000002 0.5927083333333333 0.08125 0.10625
0 0.3671875 0.8151041666666666 0.046875 0.06145833333333333
0 0.42734375 0.8338541666666667 0.0390625 0.057291666666666664
0 0.46718750000000003 0.84375 0.043750000000000004 0.05416666666666667
0 0.54609375 0.865625 0.0390625 0.05625
0 0.5789062500000001 0.7796875 0.053125000000000006 0.06145833333333333
0 0.3453125 0.9536458333333333 0.05625 0.07604166666666666
0 0.24531250000000002 0.9697916666666666 0.065625 0.06041666666666667
0 0.114453125 0.8322916666666667 0.049218750000000006 0.06458333333333333
0 0.03359375 0.8796875 0.0578125 0.078125
0 0.7835937500000001 0.3697916666666667 0.09062500000000001 0.13541666666666666
0 0.56875 0.4708333333333333 0.053125000000000006 0.07708333333333334
0 0.540625 0.5270833333333333 0.046875 0.06041666666666667
0 0.39375000000000004 0.559375 0.0484375 0.05625
0 0.30000000000000004 0.16302083333333334 0.043750000000000004 0.053125
0 0.302734375 0.21041666666666667 0.04296875 0.04375
0 0.18046875 0.21927083333333333 0.053125000000000006 0.059375
0 0.11796875000000001 0.2796875 0.043750000000000004 0.04895833333333333
0 0.070703125 0.21302083333333333 0.039843750000000004 0.059375
0 0.10703125000000001 0.20625 0.035937500000000004 0.06041666666666667
0 0.055078125000000006 0.058333333333333334 0.03671875 0.04791666666666666
0 0.9007812500000001 0.5697916666666667 0.053125000000000006 0.07083333333333333
0 0.653515625 0.490625 0.057031250000000006 0.09166666666666666
0 0.46796875000000004 0.6385416666666667 0.021875000000000002 0.03125
0 0.43125 0.6651041666666666 0.021875000000000002 0.030208333333333334
0 0.526953125 0.684375 0.01953125 0.029166666666666667
0 0.512890625 0.6973958333333333 0.02421875 0.036458333333333336
