0 0.041015625 0.6515625 0.07890625000000001 0.11354166666666667
0 0.257421875 0.5817708333333333 0.09453125000000001 0.109375
0 0.516796875 0.4276041666666667 0.11796875000000001 0.13229166666666667
0 0.5710937500000001 0.3536458333333333 0.07500000000000001 0.10729166666666666
0 0.32734375000000004 0.20677083333333332 0.11093750000000001 0.13229166666666667
0 0.495703125 0.146875 0.11484375000000001 0.13541666666666666
0 0.37578125 0.0515625 0.1125 0.10104166666666667
0 0.18476562500000002 0.0296875 0.055468750000000004 0.042708333333333334
0 0.771484375 0.5630208333333333 0.11015625000000001 0.13229166666666667
0 0.705078125 0.6963541666666666 0.08671875000000001 0.121875
0 0.790234375 0.671875 0.09296875 0.10208333333333333
0 0.75703125 0.7833333333333333 0.1 0.13333333333333333
0 0.700390625 0.8838541666666666 0.09921875000000001 0.11562499999999999
0 0.57578125 0.903125 0.08125 0.09583333333333333
0 0.491015625 0.9317708333333333 0.10703125000000001 0.11979166666666667
