0 0.139453125 0.4161458333333333 0.07265625 0.103125
0 0.06484375 0.6984375 0.06875 0.09270833333333334
0 0.354296875 0.44635416666666666 0.08984375 0.11562499999999999
0 0.37929687500000003 0.33541666666666664 0.08671875000000001 0.10208333333333333
0 0.400390625 0.050520833333333334 0.10078125 0.09895833333333333
0 0.47304687500000003 0.04375 0.08046875 0.08541666666666667
0 0.890234375 0.184375 0.09453125000000001 0.125
0 0.8078125 0.17135416666666667 0.07500000000000001 0.11770833333333333
0 0.9578125000000001 0.0796875 0.08125 0.11145833333333333
0 0.7375 0.678125 0.0921875 0.12291666666666666
0 0.8738281250000001 0.6614583333333334 0.06953125 0.12083333333333333
0 0.939453125 0.6557291666666667 0.08046875 0.12604166666666666
0 0.9187500000000001 0.7557291666666667 0.078125 0.09270833333333334
0 0.87421875 0.8302083333333333 0.0734375 0.1
0 0.76171875 0.8682291666666666 0.0703125 0.08645833333333333
0 0.659375 0.7828125 0.08125 0.11562499999999999
0 0.59921875 0.7010416666666667 0.08125 0.09791666666666667
0 0.437109375 0.7197916666666666 0.08671875000000001 0.12291666666666666
0 0.34414062500000003 0.7520833333333333 0.047656250000000004 0.08958333333333333
0 0.19257812500000002 0.9333333333333333 0.08203125 0.09583333333333333
0 0.251953125 0.0984375 0.08671875000000001 0.11562499999999999
0 0.280078125 0.16770833333333332 0.07421875 0.08125
0 0.18710937500000002 0.109375 0.05234375 0.09791666666666667
0 0.525390625 0.28125 0.03671875 0.052083333333333336
0 0.478515625 0.5005208333333333 0.07265625 0.053125
0 0.611328125 0.2578125 0.04296875 0.057291666666666664
0 0.8152343750000001 0.35833333333333334 0.04296875 0.052083333333333336
