0 0.43046875 0.042708333333333334 0.1390625 0.08333333333333333
0 0.303515625 0.058854166666666666 0.11484375000000001 0.11562499999999999
0 0.13046875 0.4 0.1 0.14166666666666666
0 0.20625000000000002 0.58125 0.11093750000000001 0.13333333333333333
0 0.326953125 0.6125 0.10703125000000001 0.13958333333333334
0 0.400390625 0.6088541666666667 0.07890625000000001 0.10104166666666667
0 0.28203125 0.5322916666666666 0.07500000000000001 0.11666666666666667
0 0.08085937500000001 0.24687499999999998 0.041406250000000006 0.05
0 0.03125 0.23645833333333333 0.037500000000000006 0.03333333333333333
0 0.20468750000000002 0.8109375 0.1 0.11770833333333333
0 0.39101562500000003 0.9395833333333333 0.09296875 0.09375
0 0.29335937500000003 0.9359375 0.09453125000000001 0.07604166666666666
0 0.10234375000000001 0.5916666666666667 0.0890625 0.14583333333333334
