0 0.45234375000000004 0.0640625 0.1203125 0.12604166666666666
0 0.5734375 0.0484375 0.11875000000000001 0.09479166666666666
0 0.24335937500000002 0.4088541666666667 0.11015625000000001 0.14479166666666665
0 0.459765625 0.6151041666666667 0.09296875 0.13854166666666667
0 0.32343750000000004 0.8276041666666667 0.096875 0.134375
0 0.2234375 0.5880208333333333 0.096875 0.13020833333333334
0 0.32460937500000003 0.6 0.11328125 0.15416666666666667
0 0.40937500000000004 0.5411458333333333 0.0734375 0.11770833333333333
0 0.49335937500000004 0.9484374999999999 0.09609375 0.08645833333333333
0 0.400390625 0.2677083333333333 0.041406250000000006 0.06666666666666667
