0 0.19062500000000002 0.20104166666666667 0.051562500000000004 0.08125
0 0.331640625 0.03229166666666666 0.041406250000000006 0.05416666666666667
0 0.30000000000000004 0.06875 0.034375 0.04583333333333333
0 0.82578125 0.059375 0.08281250000000001 0.11041666666666666
0 0.7777343750000001 0.07552083333333333 0.06796875000000001 0.11562499999999999
0 0.91171875 0.24947916666666667 0.09843750000000001 0.13645833333333332
0 0.93125 0.48125 0.0859375 0.13125
0 0.9343750000000001 0.5619791666666667 0.043750000000000004 0.06354166666666666
0 0.723828125 0.6484375 0.07890625000000001 0.11979166666666667
0 0.7578125 0.490625 0.0671875 0.08333333333333333
0 0.776953125 0.34010416666666665 0.07421875 0.103125
0 0.683203125 0.3953125 0.08046875 0.10729166666666666
0 0.62421875 0.6145833333333334 0.0765625 0.10833333333333334
0 0.661328125 0.7848958333333333 0.055468750000000004 0.059375
0 0.542578125 0.4817708333333333 0.08984375 0.11770833333333333
0 0.45859375 0.5328125 0.09531250000000001 0.11562499999999999
0 0.43671875000000004 0.6010416666666667 0.05 0.05
0 0.30195312500000004 0.7489583333333333 0.08046875 0.10416666666666667
0 0.268359375 0.6979166666666666 0.06796875000000001 0.09375
0 0.22421875000000002 0.740625 0.0765625 0.1
0 0.30195312500000004 0.9104166666666667 0.07578125000000001 0.09791666666666667
0 0.37734375000000003 0.9526041666666667 0.0859375 0.090625
0 0.41132812500000004 0.9213541666666667 0.06953125 0.09479166666666666
0 0.098828125 0.9713541666666666 0.07890625000000001 0.05520833333333333
0 0.10820312500000001 0.5822916666666667 0.08828125 0.12708333333333333
0 0.18867187500000002 0.5973958333333333 0.07734375 0.09270833333333334
0 0.286328125 0.5791666666666666 0.08359375000000001 0.09375
0 0.39609375 0.6479166666666667 0.025 0.029166666666666667
0 0.45820312500000004 0.6588541666666666 0.02890625 0.026041666666666668
0 0.540234375 0.5682291666666667 0.047656250000000004 0.053125
0 0.43125 0.4114583333333333 0.03125 0.03958333333333333
0 0.349609375 0.4046875 0.04453125 0.046875
0 0.31171875000000004 0.3927083333333333 0.0390625 0.0375
0 0.32890625 0.14375 0.037500000000000006 0.04583333333333333
0 0.622265625 0.23489583333333333 0.02109375 0.036458333333333336
0 0.6578125 0.1203125 0.0203125 0.026041666666666668
0 0.7214843750000001 0.06979166666666667 0.017968750000000002 0.025
0 0.679296875 0.0171875 0.022656250000000003 0.028125
0 0.6140625000000001 0.09635416666666667 0.018750000000000003 0.028125
0 0.512890625 0.22708333333333333 0.03515625 0.041666666666666664
