0 0.233203125 0.49583333333333335 0.08515625 0.12291666666666666
0 0.35195312500000003 0.4791666666666667 0.09765625 0.12083333333333333
0 0.43125 0.40208333333333335 0.0890625 0.10833333333333334
0 0.43671875000000004 0.3 0.09375 0.11875
0 0.66796875 0.671875 0.09375 0.14166666666666666
0 0.6238281250000001 0.6927083333333334 0.06953125 0.12083333333333333
0 0.9617187500000001 0.08697916666666666 0.07187500000000001 0.15520833333333334
0 0.45546875000000003 0.7354166666666666 0.096875 0.14791666666666667
0 0.474609375 0.8541666666666666 0.10078125 0.11041666666666666
0 0.181640625 0.4557291666666667 0.055468750000000004 0.10104166666666667
0 0.16914062500000002 0.14635416666666667 0.04296875 0.04895833333333333
0 0.139453125 0.26458333333333334 0.041406250000000006 0.058333333333333334
0 0.10898437500000001 0.28854166666666664 0.03828125 0.058333333333333334
0 0.06171875 0.30052083333333335 0.043750000000000004 0.059375
0 0.025390625 0.5677083333333334 0.041406250000000006 0.04791666666666666
0 0.566796875 0.965625 0.05234375 0.052083333333333336
0 0.5 0.09479166666666666 0.0203125 0.027083333333333334
0 0.455859375 0.16875 0.017968750000000002 0.025
