0 0.471484375 0.0828125 0.08359375000000001 0.128125
0 0.370703125 0.17135416666666667 0.08671875000000001 0.109375
0 0.314453125 0.22083333333333333 0.07578125000000001 0.11041666666666666
0 0.5125000000000001 0.3026041666666667 0.05 0.051041666666666666
0 0.39765625000000004 0.4166666666666667 0.05625 0.06875
0 0.474609375 0.7385416666666667 0.07421875 0.1
0 0.31367187500000004 0.7963541666666667 0.06953125 0.096875
0 0.268359375 0.7880208333333333 0.05234375 0.09270833333333334
0 0.6410156250000001 0.9359375 0.05234375 0.06770833333333333
0 0.622265625 0.6671875 0.08203125 0.096875
0 0.552734375 0.6609375 0.06484375 0.09270833333333334
0 0.6355468750000001 0.036458333333333336 0.11015625000000001 0.07083333333333333
0 0.094921875 0.09375 0.03671875 0.041666666666666664
0 0.11210937500000001 0.6484375 0.06640625 0.07604166666666666
