0 0.15351562500000002 0.21927083333333333 0.10546875 0.11562499999999999
0 0.476171875 0.2484375 0.08046875 0.11354166666666667
0 0.382421875 0.26927083333333335 0.10703125000000001 0.134375
0 0.284375 0.3515625 0.0921875 0.10520833333333333
0 0.36054687500000004 0.5557291666666666 0.09296875 0.103125
0 0.53515625 0.5125 0.09843750000000001 0.12708333333333333
0 0.614453125 0.4791666666666667 0.08046875 0.10833333333333334
0 0.628515625 0.5817708333333333 0.08203125 0.10729166666666666
0 0.520703125 0.6375 0.09609375 0.11458333333333333
0 0.597265625 0.9354166666666667 0.10234375000000001 0.09583333333333333
0 0.57578125 0.7921875 0.078125 0.10104166666666667
0 0.7679687500000001 0.4635416666666667 0.0890625 0.1
