0 0.06015625 0.21041666666666667 0.1078125 0.1625
0 0.09648437500000001 0.6890625 0.07265625 0.07395833333333333
0 0.466796875 0.6802083333333333 0.08515625 0.1125
0 0.56640625 0.7072916666666667 0.09843750000000001 0.12916666666666665
0 0.47773437500000004 0.9598958333333333 0.07109375 0.08020833333333333
0 0.56015625 0.9630208333333333 0.0625 0.07395833333333333
0 0.49609375 0.0796875 0.15937500000000002 0.121875
0 0.7093750000000001 0.059375 0.1453125 0.11666666666666667
0 0.8671875 0.18645833333333334 0.084375 0.11875
0 0.835546875 0.303125 0.10234375000000001 0.10416666666666667
0 0.94140625 0.26197916666666665 0.0625 0.103125
