0 0.229296875 0.3677083333333333 0.08203125 0.1125
0 0.19882812500000002 0.46458333333333335 0.07734375 0.09166666666666666
0 0.174609375 0.5729166666666666 0.07109375 0.09166666666666666
0 0.283984375 0.559375 0.07109375 0.09166666666666666
0 0.255859375 0.7458333333333333 0.07265625 0.09375
0 0.21992187500000002 0.8713541666666667 0.06328125 0.08020833333333333
0 0.46953125 0.6125 0.0734375 0.0875
0 0.494140625 0.5489583333333333 0.07578125000000001 0.11041666666666666
0 0.5265625 0.3614583333333333 0.078125 0.10208333333333333
0 0.774609375 0.41770833333333335 0.08203125 0.11041666666666666
0 0.782421875 0.4942708333333333 0.07890625000000001 0.10104166666666667
0 0.93125 0.4088541666666667 0.07500000000000001 0.11145833333333333
0 0.9730468750000001 0.47239583333333335 0.05078125 0.08229166666666667
0 0.6472656250000001 0.9651041666666667 0.07265625 0.06979166666666667
0 0.21875 0.1203125 0.0328125 0.046875
0 0.21406250000000002 0.16458333333333333 0.035937500000000004 0.03958333333333333
