0 0.11210937500000001 0.20572916666666666 0.08984375 0.11354166666666667
0 0.053125000000000006 0.209375 0.05625 0.10208333333333333
0 0.21406250000000002 0.09375 0.0859375 0.13125
0 0.42304687500000004 0.24375 0.04453125 0.058333333333333334
0 0.373828125 0.2552083333333333 0.04296875 0.052083333333333336
0 0.490234375 0.3651041666666667 0.04453125 0.06770833333333333
0 0.45820312500000004 0.22135416666666666 0.049218750000000006 0.06145833333333333
0 0.6390625000000001 0.25 0.035937500000000004 0.058333333333333334
0 0.91015625 0.5380208333333333 0.0765625 0.10729166666666666
0 0.6589843750000001 0.7046875 0.07265625 0.10520833333333333
0 0.5906250000000001 0.7484375 0.078125 0.09895833333333333
0 0.396484375 0.9166666666666666 0.07578125000000001 0.10416666666666667
0 0.44765625000000003 0.9661458333333334 0.06875 0.06145833333333333
0 0.731640625 0.9604166666666667 0.05078125 0.0625
0 0.9363281250000001 0.8760416666666666 0.07421875 0.09375
0 0.23515625 0.8614583333333333 0.07968750000000001 0.09791666666666667
0 0.259375 0.7859375 0.0703125 0.08020833333333333
0 0.33320312500000004 0.7614583333333333 0.07421875 0.09791666666666667
0 0.2515625 0.6802083333333333 0.0859375 0.12291666666666666
0 0.201953125 0.68125 0.06015625 0.1
0 0.07109375 0.6869791666666667 0.07500000000000001 0.09895833333333333
0 0.262890625 0.37916666666666665 0.032031250000000004 0.03125
