0 0.10234375000000001 0.0640625 0.08750000000000001 0.11145833333333333
0 0.22812500000000002 0.04010416666666666 0.0484375 0.065625
0 0.30117187500000003 0.1859375 0.039843750000000004 0.04895833333333333
0 0.34140625 0.19791666666666666 0.043750000000000004 0.058333333333333334
0 0.393359375 0.12916666666666665 0.057031250000000006 0.06666666666666667
0 0.578125 0.15208333333333332 0.09375 0.11041666666666666
0 0.614453125 0.0296875 0.10546875 0.057291666666666664
0 0.683203125 0.12447916666666667 0.07734375 0.09895833333333333
0 0.6125 0.21458333333333332 0.09375 0.09791666666666667
0 0.9207031250000001 0.6958333333333333 0.09140625000000001 0.10208333333333333
0 0.8296875 0.5932291666666667 0.0578125 0.078125
0 0.90546875 0.6010416666666667 0.08281250000000001 0.1125
0 0.7468750000000001 0.7848958333333333 0.08125 0.10729166666666666
0 0.7054687500000001 0.696875 0.0921875 0.12083333333333333
0 0.5921875 0.7692708333333333 0.0890625 0.109375
0 0.54453125 0.5869791666666666 0.09375 0.11979166666666667
0 0.482421875 0.9052083333333333 0.09453125000000001 0.10625
0 0.346484375 0.8802083333333334 0.05078125 0.06666666666666667
0 0.246875 0.6078125 0.084375 0.11145833333333333
0 0.205078125 0.5166666666666666 0.06484375 0.08958333333333333
0 0.0421875 0.6546875 0.078125 0.10729166666666666
0 0.114453125 0.8114583333333333 0.07109375 0.12083333333333333
0 0.177734375 0.8307291666666666 0.08046875 0.11145833333333333
0 0.23007812500000002 0.7395833333333334 0.07734375 0.1
0 0.25078125 0.9609375 0.084375 0.06354166666666666
0 0.17343750000000002 0.9140625 0.07968750000000001 0.08020833333333333
0 0.246875 0.8484375 0.07187500000000001 0.09270833333333334
0 0.041406250000000006 0.8567708333333334 0.0734375 0.09270833333333334
0 0.3125 0.9541666666666666 0.051562500000000004 0.06875
0 0.38906250000000003 0.4328125 0.0484375 0.046875
0 0.409765625 0.5046875 0.04453125 0.057291666666666664
0 0.36015625 0.4848958333333333 0.0390625 0.057291666666666664
0 0.740234375 0.475 0.055468750000000004 0.06875
0 0.8972656250000001 0.22760416666666666 0.03828125 0.059375
0 0.8601562500000001 0.3390625 0.035937500000000004 0.051041666666666666
