0 0.36640625000000004 0.2546875 0.08750000000000001 0.10729166666666666
0 0.42109375000000004 0.6598958333333333 0.0890625 0.10520833333333333
0 0.326171875 0.7395833333333334 0.10390625 0.11041666666666666
0 0.194140625 0.6447916666666667 0.09140625000000001 0.125
0 0.05 0.85625 0.08125 0.12291666666666666
0 0.612890625 0.05625 0.10390625 0.11041666666666666
0 0.44960937500000003 0.09322916666666667 0.07890625000000001 0.10104166666666667
0 0.50703125 0.1921875 0.0390625 0.059375
0 0.5925781250000001 0.18072916666666666 0.049218750000000006 0.057291666666666664
0 0.638671875 0.18489583333333334 0.04609375 0.059375
0 0.6824218750000001 0.12760416666666666 0.04453125 0.04895833333333333
0 0.69921875 0.057812499999999996 0.037500000000000006 0.057291666666666664
0 0.734375 0.20729166666666665 0.037500000000000006 0.052083333333333336
0 0.679296875 0.23177083333333334 0.04296875 0.051041666666666666
0 0.45820312500000004 0.24739583333333334 0.03515625 0.046875
0 0.886328125 0.28072916666666664 0.039843750000000004 0.059375
0 0.802734375 0.6953125 0.06328125 0.09479166666666666
0 0.747265625 0.7911458333333333 0.08828125 0.10729166666666666
0 0.51328125 0.8020833333333334 0.08125 0.10625
0 0.56484375 0.7729166666666667 0.078125 0.10833333333333334
0 0.284765625 0.2890625 0.08515625 0.134375
0 0.64765625 0.71875 0.078125 0.1
0 0.279296875 0.9083333333333333 0.08828125 0.10833333333333334
0 0.40273437500000003 0.34270833333333334 0.03671875 0.04791666666666666
0 0.696875 0.3046875 0.043750000000000004 0.057291666666666664
