0 0.28671875 0.17291666666666666 0.045312500000000006 0.05416666666666667
0 0.20625000000000002 0.2796875 0.043750000000000004 0.051041666666666666
0 0.50234375 0.26458333333333334 0.043750000000000004 0.06041666666666667
0 0.459765625 0.29635416666666664 0.02421875 0.036458333333333336
0 0.634375 0.20677083333333332 0.018750000000000003 0.028125
0 0.6546875000000001 0.221875 0.0171875 0.025
0 0.6156250000000001 0.21822916666666667 0.0203125 0.028125
0 0.70078125 0.528125 0.07968750000000001 0.10833333333333334
0 0.8968750000000001 0.3984375 0.09062500000000001 0.11354166666666667
0 0.8968750000000001 0.5364583333333334 0.09531250000000001 0.13125
0 0.65390625 0.7041666666666666 0.0890625 0.12083333333333333
0 0.56875 0.7359375 0.065625 0.11354166666666667
0 0.509375 0.6942708333333333 0.096875 0.128125
0 0.41875 0.7114583333333333 0.0671875 0.11875
0 0.282421875 0.6458333333333334 0.08515625 0.1
0 0.19257812500000002 0.6807291666666666 0.08359375000000001 0.09895833333333333
