0 0.421875 0.0453125 0.13125 0.08854166666666667
0 0.30546875 0.058854166666666666 0.134375 0.11562499999999999
0 0.129296875 0.390625 0.10390625 0.12708333333333333
0 0.07968750000000001 0.24791666666666667 0.0421875 0.0625
0 0.029687500000000002 0.24322916666666666 0.035937500000000004 0.046875
0 0.2 0.5848958333333333 0.1046875 0.15520833333333334
0 0.32421875 0.6171875 0.1 0.15104166666666666
0 0.39492187500000003 0.6140625 0.06171875 0.11145833333333333
0 0.27968750000000003 0.5286458333333334 0.065625 0.11562499999999999
0 0.20703125 0.8161458333333333 0.1 0.11979166666666667
0 0.38789062500000004 0.9395833333333333 0.08828125 0.09791666666666667
0 0.28828125 0.9348958333333334 0.084375 0.084375
0 0.215625 0.9427083333333334 0.08281250000000001 0.07083333333333333
0 0.105859375 0.5885416666666666 0.09140625000000001 0.15
