0 0.19609375 0.5041666666666667 0.1046875 0.12916666666666665
0 0.539453125 0.61875 0.11328125 0.13541666666666666
0 0.8695312500000001 0.50625 0.096875 0.13541666666666666
0 0.964453125 0.4947916666666667 0.07109375 0.13958333333333334
0 0.8226562500000001 0.6166666666666667 0.08281250000000001 0.11041666666666666
0 0.694921875 0.4828125 0.06796875000000001 0.07604166666666666
0 0.5691406250000001 0.2671875 0.039843750000000004 0.04479166666666667
0 0.205859375 0.13489583333333333 0.09140625000000001 0.103125
0 0.030078125 0.052083333333333336 0.05859375 0.10208333333333333
0 0.21875 0.6583333333333333 0.0921875 0.07916666666666666
0 0.13359375 0.6130208333333333 0.07968750000000001 0.13854166666666667
0 0.24335937500000002 0.8427083333333333 0.07265625 0.08541666666666667
0 0.11171875 0.5364583333333334 0.06875 0.09166666666666666
