0 0.30507812500000003 0.059895833333333336 0.12890625 0.11770833333333333
0 0.42500000000000004 0.0421875 0.1328125 0.08229166666666667
0 0.597265625 0.04010416666666666 0.08828125 0.078125
0 0.07773437500000001 0.2453125 0.041406250000000006 0.053125
0 0.032031250000000004 0.24166666666666667 0.035937500000000004 0.04583333333333333
0 0.03828125 0.30416666666666664 0.059375000000000004 0.05625
0 0.1328125 0.40729166666666666 0.1078125 0.14166666666666666
0 0.19843750000000002 0.5838541666666667 0.109375 0.15104166666666666
0 0.28125 0.5234375 0.0734375 0.12395833333333334
0 0.32734375000000004 0.6192708333333333 0.09843750000000001 0.15729166666666666
0 0.400390625 0.6088541666666667 0.057031250000000006 0.11145833333333333
0 0.10625000000000001 0.5848958333333333 0.09062500000000001 0.15104166666666666
0 0.20625000000000002 0.8192708333333333 0.10312500000000001 0.12604166666666666
0 0.2078125 0.9364583333333333 0.07187500000000001 0.07916666666666666
0 0.28515625 0.9328124999999999 0.08750000000000001 0.096875
0 0.390234375 0.9427083333333334 0.08984375 0.09583333333333333
