0 0.11171875 0.20520833333333333 0.0859375 0.12291666666666666
0 0.051562500000000004 0.20416666666666666 0.05 0.10833333333333334
0 0.21601562500000002 0.09427083333333333 0.09296875 0.12395833333333334
0 0.286328125 0.08645833333333333 0.08359375000000001 0.10208333333333333
0 0.55 0.0328125 0.08281250000000001 0.06354166666666666
0 0.45937500000000003 0.2203125 0.045312500000000006 0.057291666666666664
0 0.42578125 0.24687499999999998 0.043750000000000004 0.058333333333333334
0 0.373828125 0.25104166666666666 0.039843750000000004 0.05625
0 0.49062500000000003 0.36614583333333334 0.043750000000000004 0.057291666666666664
0 0.6394531250000001 0.2505208333333333 0.03828125 0.053125
0 0.622265625 0.3234375 0.04609375 0.04895833333333333
0 0.909765625 0.5380208333333333 0.07265625 0.09479166666666666
0 0.93515625 0.8739583333333333 0.07187500000000001 0.10416666666666667
0 0.733984375 0.9604166666666667 0.04609375 0.05625
0 0.6585937500000001 0.70625 0.08281250000000001 0.09583333333333333
0 0.587890625 0.7526041666666666 0.08046875 0.109375
0 0.44609375 0.9682291666666667 0.07968750000000001 0.06354166666666666
0 0.398046875 0.9145833333333333 0.07421875 0.1
0 0.330859375 0.7604166666666666 0.07890625000000001 0.08541666666666667
0 0.23515625 0.85625 0.07968750000000001 0.10208333333333333
0 0.1625 0.8770833333333333 0.05625 0.0875
0 0.260546875 0.7822916666666666 0.07265625 0.0875
0 0.25859375 0.6796875 0.084375 0.109375
0 0.201171875 0.6770833333333334 0.07109375 0.1
0 0.071484375 0.6848958333333334 0.07890625000000001 0.096875
