0 0.30312500000000003 0.6802083333333333 0.084375 0.125
0 0.405859375 0.6598958333333333 0.09296875 0.11354166666666667
0 0.65 0.6979166666666666 0.0921875 0.11875
0 0.7835937500000001 0.7052083333333333 0.0890625 0.12916666666666665
0 0.83203125 0.5317708333333333 0.08750000000000001 0.11770833333333333
0 0.553125 0.26875 0.0546875 0.06458333333333333
0 0.544140625 0.721875 0.08359375000000001 0.11666666666666667
0 0.33632812500000003 0.17604166666666665 0.05078125 0.0625
0 0.478125 0.30104166666666665 0.026562500000000003 0.03958333333333333
0 0.48125 0.043229166666666666 0.084375 0.084375
