0 0.27773437500000003 0.12395833333333334 0.09921875000000001 0.12291666666666666
0 0.33632812500000003 0.10833333333333334 0.06328125 0.10625
0 0.219140625 0.428125 0.08203125 0.10833333333333334
0 0.158984375 0.6135416666666667 0.09140625000000001 0.10833333333333334
0 0.24960937500000002 0.6895833333333333 0.08515625 0.1125
0 0.319140625 0.671875 0.09140625000000001 0.11458333333333333
0 0.74140625 0.64375 0.096875 0.12916666666666665
0 0.6414062500000001 0.5598958333333334 0.051562500000000004 0.06354166666666666
0 0.861328125 0.346875 0.10078125 0.13125
0 0.915625 0.24010416666666667 0.07968750000000001 0.11145833333333333
0 0.9375 0.5265625 0.08750000000000001 0.11770833333333333
0 0.9500000000000001 0.8583333333333333 0.07500000000000001 0.10625
0 0.2828125 0.9411458333333333 0.053125000000000006 0.05520833333333333
0 0.22968750000000002 0.9447916666666667 0.051562500000000004 0.06041666666666667
0 0.7937500000000001 0.9203125 0.078125 0.084375
0 0.76328125 0.8453125 0.06875 0.09479166666666666
0 0.4890625 0.9151041666666666 0.0484375 0.05520833333333333
