0 0.153125 0.228125 0.0578125 0.06875
0 0.265625 0.20677083333333332 0.0625 0.046875
0 0.45742187500000003 0.03697916666666667 0.09453125000000001 0.06770833333333333
0 0.32578125 0.0265625 0.09062500000000001 0.051041666666666666
0 0.558984375 0.2708333333333333 0.05390625 0.06458333333333333
0 0.641796875 0.19479166666666667 0.055468750000000004 0.058333333333333334
0 0.792578125 0.5625 0.08515625 0.1125
0 0.7152343750000001 0.5348958333333333 0.08359375000000001 0.11562499999999999
0 0.551171875 0.5057291666666667 0.08671875000000001 0.09895833333333333
0 0.61484375 0.5140625 0.0703125 0.08645833333333333
0 0.43828125 0.453125 0.0890625 0.12291666666666666
0 0.467578125 0.5161458333333333 0.08203125 0.11770833333333333
0 0.41835937500000003 0.6526041666666667 0.07578125000000001 0.10104166666666667
0 0.8500000000000001 0.8067708333333333 0.06875 0.10104166666666667
0 0.087109375 0.6390625 0.08203125 0.10520833333333333
0 0.15742187500000002 0.5739583333333333 0.08671875000000001 0.11666666666666667
0 0.27773437500000003 0.4197916666666667 0.08203125 0.11666666666666667
0 0.21484375 0.38645833333333335 0.08750000000000001 0.07916666666666666
0 0.193359375 0.0296875 0.07890625000000001 0.057291666666666664
