0 0.147265625 0.2125 0.03671875 0.05416666666666667
0 0.111328125 0.22239583333333332 0.03828125 0.06145833333333333
0 0.08750000000000001 0.058333333333333334 0.035937500000000004 0.04791666666666666
0 0.265234375 0.14114583333333333 0.047656250000000004 0.05520833333333333
0 0.15585937500000002 0.2869791666666667 0.041406250000000006 0.04895833333333333
0 0.08476562500000001 0.5838541666666667 0.08671875000000001 0.11145833333333333
0 0.15781250000000002 0.5833333333333334 0.07500000000000001 0.1
0 0.20273437500000002 0.628125 0.04296875 0.05416666666666667
0 0.25703125 0.6067708333333334 0.078125 0.11145833333333333
0 0.330859375 0.6026041666666666 0.07578125000000001 0.11145833333333333
0 0.490234375 0.5703125 0.05078125 0.06354166666666666
0 0.58203125 0.534375 0.0921875 0.12708333333333333
0 0.609375 0.8713541666666667 0.045312500000000006 0.053125
0 0.759765625 0.503125 0.06953125 0.1125
0 0.8921875 0.3765625 0.08281250000000001 0.11770833333333333
0 0.48476562500000003 0.840625 0.03828125 0.0625
0 0.521875 0.8505208333333333 0.037500000000000006 0.05520833333333333
0 0.15585937500000002 0.69375 0.07265625 0.1
0 0.10625000000000001 0.903125 0.060937500000000006 0.06875
0 0.17109375000000002 0.8432291666666667 0.05 0.051041666666666666
0 0.44296875 0.1984375 0.0390625 0.04895833333333333
0 0.6359375 0.778125 0.040625 0.03958333333333333
0 0.347265625 0.6994791666666667 0.039843750000000004 0.05520833333333333
0 0.44765625000000003 0.6739583333333333 0.0203125 0.03333333333333333
0 0.487890625 0.6494791666666666 0.02421875 0.034375
