0 0.246484375 0.25885416666666666 0.11640625 0.13854166666666667
0 0.396484375 0.06927083333333334 0.10546875 0.13645833333333332
0 0.653515625 0.26458333333333334 0.047656250000000004 0.05625
0 0.7058593750000001 0.6802083333333333 0.08359375000000001 0.1125
0 0.74140625 0.5453125 0.06875 0.08854166666666667
0 0.35664062500000004 0.6098958333333333 0.08359375000000001 0.10104166666666667
0 0.30117187500000003 0.73125 0.08359375000000001 0.10833333333333334
0 0.312109375 0.85 0.08671875000000001 0.09166666666666666
0 0.17265625 0.7354166666666666 0.08750000000000001 0.10625
0 0.11796875000000001 0.5796875 0.0671875 0.10104166666666667
0 0.0484375 0.575 0.0734375 0.11458333333333333
0 0.8054687500000001 0.7994791666666666 0.07500000000000001 0.11145833333333333
0 0.733984375 0.7895833333333333 0.07734375 0.09375
0 0.88046875 0.5223958333333333 0.07187500000000001 0.11562499999999999
0 0.817578125 0.5609375 0.06796875000000001 0.096875
0 0.7156250000000001 0.2583333333333333 0.0390625 0.05416666666666667
0 0.494140625 0.7359375 0.017968750000000002 0.028125
0 0.45859375 0.5723958333333333 0.0390625 0.06145833333333333
