0 0.25234375000000003 0.23645833333333333 0.037500000000000006 0.04375
0 0.27421875 0.20625 0.040625 0.052083333333333336
0 0.7265625 0.07864583333333333 0.09531250000000001 0.10729166666666666
0 0.671484375 0.26979166666666665 0.07421875 0.09375
0 0.665234375 0.5619791666666667 0.07421875 0.103125
0 0.78515625 0.6359375 0.0625 0.096875
0 0.276953125 0.6083333333333333 0.07421875 0.09166666666666666
0 0.587109375 0.10677083333333333 0.06640625 0.084375
0 0.21015625000000002 0.1828125 0.08281250000000001 0.09895833333333333
0 0.8519531250000001 0.7395833333333334 0.04296875 0.05625
0 0.351171875 0.7796875 0.02109375 0.028125
0 0.32265625000000003 0.7729166666666667 0.021875000000000002 0.03125
0 0.589453125 0.675 0.01640625 0.025
0 0.505859375 0.8046875 0.017968750000000002 0.026041666666666668
0 0.5328125 0.828125 0.021875000000000002 0.020833333333333332
0 0.537109375 0.8734375 0.017968750000000002 0.021875
0 0.541015625 0.6786458333333333 0.017968750000000002 0.02395833333333333
