0 0.1296875 0.034375 0.053125000000000006 0.05625
0 0.4375 0.1015625 0.07968750000000001 0.09895833333333333
0 0.30234375 0.14635416666666667 0.026562500000000003 0.053125
0 0.24960937500000002 0.35885416666666664 0.09140625000000001 0.11770833333333333
0 0.178125 0.37864583333333335 0.078125 0.11979166666666667
0 0.1921875 0.6526041666666667 0.08750000000000001 0.121875
0 0.380859375 0.6869791666666667 0.07890625000000001 0.09479166666666666
0 0.46015625000000004 0.4828125 0.08281250000000001 0.11354166666666667
0 0.6023437500000001 0.5067708333333333 0.09062500000000001 0.11770833333333333
0 0.67890625 0.4822916666666667 0.07500000000000001 0.1
0 0.6507812500000001 0.6333333333333333 0.0765625 0.10833333333333334
0 0.6609375000000001 0.7458333333333333 0.08281250000000001 0.09791666666666667
0 0.8375 0.78125 0.065625 0.08541666666666667
0 0.8792968750000001 0.646875 0.07421875 0.09166666666666666
0 0.7839843750000001 0.8604166666666666 0.07421875 0.09166666666666666
0 0.8441406250000001 0.85625 0.057031250000000006 0.07708333333333334
0 0.87109375 0.03333333333333333 0.078125 0.06458333333333333
0 0.786328125 0.034895833333333334 0.09609375 0.06770833333333333
0 0.578125 0.027604166666666666 0.084375 0.053125
0 0.28515625 0.9619791666666666 0.08281250000000001 0.07604166666666666
0 0.39101562500000003 0.23541666666666666 0.02109375 0.029166666666666667
0 0.39882812500000003 0.26875 0.02421875 0.029166666666666667
0 0.42890625000000004 0.2125 0.025 0.029166666666666667
0 0.5390625 0.2677083333333333 0.021875000000000002 0.027083333333333334
0 0.5007812500000001 0.34479166666666666 0.029687500000000002 0.0375
