0 0.156640625 0.221875 0.09765625 0.11875
0 0.270703125 0.18020833333333333 0.09296875 0.11666666666666667
0 0.38593750000000004 0.2661458333333333 0.09843750000000001 0.13854166666666667
0 0.47421875 0.24583333333333332 0.08281250000000001 0.13333333333333333
0 0.287109375 0.3458333333333333 0.08359375000000001 0.09375
0 0.19296875000000002 0.565625 0.06406250000000001 0.09166666666666666
0 0.2515625 0.6213541666666667 0.06875 0.090625
0 0.362890625 0.5619791666666667 0.08515625 0.12395833333333334
0 0.312109375 0.5859375 0.057031250000000006 0.11979166666666667
0 0.43984375000000003 0.5953125 0.0765625 0.12604166666666666
0 0.525 0.6354166666666666 0.1 0.11666666666666667
0 0.53828125 0.50625 0.09531250000000001 0.12708333333333333
0 0.619140625 0.48333333333333334 0.08203125 0.11666666666666667
0 0.7429687500000001 0.18489583333333334 0.040625 0.057291666666666664
0 0.6312500000000001 0.5838541666666667 0.08750000000000001 0.096875
0 0.766796875 0.4739583333333333 0.08671875000000001 0.11458333333333333
0 0.76484375 0.6010416666666667 0.08125 0.1
0 0.572265625 0.7932291666666667 0.08984375 0.09895833333333333
0 0.60703125 0.9364583333333333 0.08281250000000001 0.08958333333333333
0 0.21875 0.8875 0.07500000000000001 0.09375
0 0.30390625000000004 0.8557291666666667 0.065625 0.06770833333333333
0 0.347265625 0.7609375 0.08359375000000001 0.10520833333333333
0 0.919140625 0.9703125 0.06953125 0.057291666666666664
0 0.933203125 0.3572916666666667 0.07734375 0.08958333333333333
0 0.43515625 0.03958333333333333 0.11875000000000001 0.07291666666666667
0 0.5203125000000001 0.05 0.08750000000000001 0.09583333333333333
