0 0.15781250000000002 0.5697916666666667 0.084375 0.10625
0 0.10312500000000001 0.7322916666666667 0.0890625 0.10625
0 0.33437500000000003 0.5885416666666666 0.09375 0.12291666666666666
0 0.36015625 0.4421875 0.09843750000000001 0.12395833333333334
0 0.7703125000000001 0.6755208333333333 0.1046875 0.12395833333333334
0 0.6195312500000001 0.3265625 0.08750000000000001 0.11145833333333333
0 0.544921875 0.325 0.08359375000000001 0.13333333333333333
0 0.81171875 0.04739583333333333 0.109375 0.09270833333333334
0 0.26992187500000003 0.29322916666666665 0.032031250000000004 0.051041666666666666
0 0.58828125 0.5546875 0.05 0.065625
0 0.40351562500000004 0.7020833333333333 0.02421875 0.020833333333333332
0 0.405078125 0.6755208333333333 0.022656250000000003 0.026041666666666668
