0 0.039453125000000006 0.07083333333333333 0.07578125000000001 0.13958333333333334
0 0.34882812500000004 0.04010416666666666 0.09296875 0.078125
0 0.470703125 0.04895833333333333 0.11171875 0.09583333333333333
0 0.35585937500000003 0.19739583333333333 0.039843750000000004 0.05520833333333333
0 0.5710937500000001 0.325 0.045312500000000006 0.06875
0 0.81171875 0.5697916666666667 0.09531250000000001 0.12083333333333333
0 0.8753906250000001 0.2734375 0.09921875000000001 0.13854166666666667
0 0.954296875 0.08697916666666666 0.08671875000000001 0.11145833333333333
0 0.7468750000000001 0.6692708333333334 0.09531250000000001 0.11770833333333333
0 0.6765625000000001 0.7182291666666667 0.08281250000000001 0.109375
0 0.6742187500000001 0.5697916666666667 0.078125 0.11875
0 0.4578125 0.75 0.08125 0.11458333333333333
0 0.4390625 0.8697916666666666 0.08750000000000001 0.11041666666666666
0 0.361328125 0.928125 0.08046875 0.11041666666666666
0 0.34101562500000004 0.7619791666666667 0.09296875 0.109375
0 0.23984375000000002 0.7010416666666667 0.08750000000000001 0.125
0 0.11796875000000001 0.7104166666666667 0.09062500000000001 0.12291666666666666
0 0.0328125 0.7354166666666666 0.0625 0.1125
0 0.28359375000000003 0.23489583333333333 0.0421875 0.06354166666666666
0 0.225 0.19427083333333334 0.0390625 0.051041666666666666
0 0.2171875 0.15 0.035937500000000004 0.04583333333333333
0 0.31640625 0.20364583333333333 0.037500000000000006 0.051041666666666666
0 0.184375 0.8953125 0.045312500000000006 0.059375
0 0.23789062500000002 0.8864583333333333 0.03828125 0.05416666666666667
0 0.43671875000000004 0.9578125 0.0671875 0.078125
0 0.055468750000000004 0.2791666666666667 0.046875 0.06041666666666667
