0 0.1484375 0.2520833333333333 0.1 0.10625
0 0.066796875 0.12604166666666666 0.10703125000000001 0.12916666666666665
0 0.215234375 0.04583333333333333 0.10078125 0.08958333333333333
0 0.205859375 0.1578125 0.08828125 0.13645833333333332
0 0.44960937500000003 0.128125 0.09921875000000001 0.10833333333333334
0 0.48085937500000003 0.05520833333333333 0.10703125000000001 0.10833333333333334
0 0.586328125 0.0625 0.10234375000000001 0.11666666666666667
0 0.658203125 0.043229166666666666 0.10859375 0.084375
0 0.52265625 0.15625 0.078125 0.10208333333333333
0 0.638671875 0.5369791666666667 0.07421875 0.10520833333333333
0 0.8386718750000001 0.3078125 0.04453125 0.065625
0 0.880859375 0.6614583333333334 0.05859375 0.09375
0 0.94453125 0.690625 0.078125 0.10416666666666667
0 0.698828125 0.7854166666666667 0.07890625000000001 0.10833333333333334
0 0.5300781250000001 0.7567708333333333 0.09140625000000001 0.11354166666666667
0 0.59609375 0.7953125 0.060937500000000006 0.11354166666666667
0 0.472265625 0.7739583333333333 0.057031250000000006 0.12916666666666665
0 0.334765625 0.7239583333333334 0.09140625000000001 0.11666666666666667
0 0.4734375 0.26979166666666665 0.0421875 0.04791666666666666
0 0.6371093750000001 0.20885416666666667 0.049218750000000006 0.059375
0 0.5867187500000001 0.21354166666666666 0.040625 0.05416666666666667
