0 0.37109375 0.175 0.084375 0.11875
0 0.472265625 0.07760416666666667 0.09140625000000001 0.11770833333333333
0 0.31093750000000003 0.21770833333333334 0.078125 0.1125
0 0.630078125 0.0359375 0.09921875000000001 0.06979166666666667
0 0.51171875 0.3 0.051562500000000004 0.04791666666666666
0 0.47695312500000003 0.7411458333333333 0.07265625 0.10520833333333333
0 0.6238281250000001 0.68125 0.07890625000000001 0.0875
0 0.55234375 0.6630208333333333 0.06406250000000001 0.09270833333333334
0 0.30234375 0.8026041666666667 0.09375 0.11354166666666667
0 0.6351562500000001 0.9489583333333333 0.053125000000000006 0.07291666666666667
0 0.11992187500000001 0.6598958333333333 0.09140625000000001 0.096875
0 0.39570312500000004 0.41822916666666665 0.06015625 0.07395833333333333
0 0.962109375 0.571875 0.07265625 0.13541666666666666
