0 0.078515625 0.5703125 0.04609375 0.06145833333333333
0 0.34218750000000003 0.5135416666666667 0.09531250000000001 0.12708333333333333
0 0.47890625000000003 0.4828125 0.09375 0.11354166666666667
0 0.794140625 0.6713541666666667 0.09609375 0.146875
0 0.7468750000000001 0.6989583333333333 0.07187500000000001 0.12291666666666666
0 0.571875 0.7473958333333334 0.1 0.134375
0 0.583984375 0.8567708333333334 0.08359375000000001 0.10520833333333333
0 0.548828125 0.30416666666666664 0.09921875000000001 0.11875
0 0.530859375 0.40625 0.09921875000000001 0.11458333333333333
0 0.15781250000000002 0.2994791666666667 0.0421875 0.053125
0 0.10898437500000001 0.3015625 0.047656250000000004 0.04895833333333333
0 0.19140625 0.27291666666666664 0.0390625 0.058333333333333334
0 0.21875 0.14895833333333333 0.040625 0.05416666666666667
0 0.43125 0.2833333333333333 0.03125 0.04791666666666666
