0 0.055468750000000004 0.22760416666666666 0.09843750000000001 0.16354166666666667
0 0.464453125 0.0921875 0.08828125 0.13020833333333334
0 0.51171875 0.11666666666666667 0.07968750000000001 0.10833333333333334
0 0.736328125 0.06458333333333333 0.08671875000000001 0.11666666666666667
0 0.6703125000000001 0.08385416666666666 0.0890625 0.103125
0 0.860546875 0.19322916666666667 0.09609375 0.11979166666666667
0 0.91796875 0.28020833333333334 0.1046875 0.11875
0 0.83984375 0.33697916666666666 0.084375 0.09895833333333333
0 0.5691406250000001 0.7026041666666667 0.09609375 0.134375
0 0.46601562500000004 0.6760416666666667 0.08515625 0.11666666666666667
0 0.479296875 0.9640624999999999 0.08828125 0.071875
0 0.558203125 0.9609375 0.08671875000000001 0.071875
0 0.91796875 0.8052083333333333 0.06406250000000001 0.08125
0 0.08867187500000001 0.7041666666666666 0.06796875000000001 0.07708333333333334
