0 0.5265625 0.29635416666666664 0.096875 0.11979166666666667
0 0.46132812500000003 0.34479166666666666 0.08046875 0.0875
0 0.6890625 0.2296875 0.046875 0.057291666666666664
0 0.8285156250000001 0.5447916666666667 0.08359375000000001 0.11458333333333333
0 0.74609375 0.5994791666666667 0.078125 0.12395833333333334
0 0.6804687500000001 0.6067708333333334 0.06875 0.10520833333333333
0 0.466796875 0.8927083333333333 0.08359375000000001 0.1
0 0.34296875000000004 0.8036458333333333 0.0921875 0.11354166666666667
0 0.353125 0.5322916666666666 0.08125 0.10208333333333333
0 0.47890625000000003 0.17239583333333333 0.1 0.12395833333333334
0 0.42265625 0.22239583333333332 0.08281250000000001 0.11145833333333333
0 0.720703125 0.20572916666666666 0.04609375 0.05520833333333333
0 0.696875 0.27708333333333335 0.059375000000000004 0.05416666666666667
0 0.7191406250000001 0.1484375 0.03828125 0.053125
0 0.8078125 0.18958333333333333 0.053125000000000006 0.058333333333333334
0 0.6843750000000001 0.16458333333333333 0.0421875 0.052083333333333336
0 0.6921875000000001 0.08229166666666667 0.046875 0.05
0 0.34804687500000003 0.94375 0.06015625 0.07708333333333334
