0 0.059375000000000004 0.22135416666666666 0.1015625 0.15520833333333334
0 0.4703125 0.090625 0.09531250000000001 0.11458333333333333
0 0.5171875 0.11614583333333334 0.08281250000000001 0.11354166666666667
0 0.7351562500000001 0.06197916666666667 0.08750000000000001 0.109375
0 0.671875 0.0859375 0.08125 0.10520833333333333
0 0.8617187500000001 0.1953125 0.09062500000000001 0.12395833333333334
0 0.915234375 0.27760416666666665 0.08828125 0.12604166666666666
0 0.84296875 0.2921875 0.0859375 0.109375
0 0.57265625 0.7 0.10312500000000001 0.14166666666666666
0 0.46601562500000004 0.6786458333333333 0.08984375 0.11562499999999999
0 0.480078125 0.9651041666666667 0.08046875 0.06979166666666667
0 0.56015625 0.9671875 0.06875 0.065625
0 0.9207031250000001 0.8114583333333333 0.06328125 0.1
0 0.08554687500000001 0.7052083333333333 0.06953125 0.08541666666666667
0 0.39375000000000004 0.159375 0.0421875 0.07083333333333333
