0 0.107421875 0.22604166666666667 0.03671875 0.04583333333333333
0 0.098046875 0.09895833333333333 0.08515625 0.11041666666666666
0 0.47109375000000003 0.05572916666666666 0.09531250000000001 0.096875
0 0.853515625 0.05625 0.10390625 0.10625
0 0.82421875 0.175 0.096875 0.13125
0 0.76953125 0.6713541666666667 0.084375 0.11979166666666667
0 0.8386718750000001 0.71875 0.07265625 0.11875
0 0.36054687500000004 0.6682291666666667 0.09609375 0.13645833333333332
0 0.33828125000000003 0.79375 0.08125 0.10416666666666667
0 0.09062500000000001 0.6817708333333333 0.08281250000000001 0.11354166666666667
0 0.35078125000000004 0.51875 0.0546875 0.06458333333333333
0 0.28046875 0.5921875 0.05625 0.057291666666666664
