0 0.107421875 0.06666666666666667 0.09453125000000001 0.10208333333333333
0 0.302734375 0.184375 0.041406250000000006 0.05
0 0.39140625 0.12083333333333333 0.0421875 0.04791666666666666
0 0.341796875 0.196875 0.039843750000000004 0.06041666666666667
0 0.575390625 0.15364583333333334 0.08984375 0.11354166666666667
0 0.616796875 0.209375 0.09296875 0.12708333333333333
0 0.6136718750000001 0.03333333333333333 0.10390625 0.06458333333333333
0 0.68359375 0.12343749999999999 0.07968750000000001 0.10520833333333333
0 0.8640625000000001 0.3411458333333333 0.034375 0.04895833333333333
0 0.8949218750000001 0.22916666666666666 0.03515625 0.052083333333333336
0 0.8367187500000001 0.5770833333333333 0.043750000000000004 0.05416666666666667
0 0.7312500000000001 0.4692708333333333 0.05625 0.06979166666666667
0 0.923046875 0.6963541666666666 0.08359375000000001 0.10729166666666666
0 0.7468750000000001 0.778125 0.07968750000000001 0.1
0 0.7097656250000001 0.6973958333333333 0.10078125 0.12604166666666666
0 0.547265625 0.5895833333333333 0.09453125000000001 0.11458333333333333
0 0.589453125 0.7697916666666667 0.08671875000000001 0.10208333333333333
0 0.48046875 0.903125 0.08750000000000001 0.10625
0 0.341796875 0.8776041666666666 0.05234375 0.071875
0 0.251953125 0.9583333333333334 0.08515625 0.075
0 0.17929687500000002 0.8307291666666666 0.08828125 0.11770833333333333
0 0.22812500000000002 0.7369791666666666 0.0765625 0.090625
0 0.24609375 0.6041666666666666 0.08125 0.10833333333333334
0 0.20820312500000002 0.5177083333333333 0.08515625 0.09791666666666667
0 0.040625 0.653125 0.0734375 0.10208333333333333
0 0.10625000000000001 0.5890625 0.07187500000000001 0.09479166666666666
0 0.39179687500000004 0.428125 0.05390625 0.04583333333333333
0 0.41015625 0.5104166666666666 0.046875 0.06041666666666667
