0 0.065234375 0.3364583333333333 0.11484375000000001 0.15833333333333333
0 0.17539062500000002 0.3578125 0.10859375 0.18020833333333333
0 0.25703125 0.240625 0.0390625 0.052083333333333336
0 0.256640625 0.29270833333333335 0.041406250000000006 0.04791666666666666
0 0.570703125 0.0703125 0.10390625 0.128125
0 0.65625 0.05677083333333333 0.08750000000000001 0.103125
0 0.767578125 0.08125 0.08984375 0.12708333333333333
0 0.8578125000000001 0.12135416666666667 0.1046875 0.16145833333333334
0 0.905859375 0.6234375 0.07109375 0.11979166666666667
0 0.969921875 0.7364583333333333 0.06015625 0.12083333333333333
0 0.7046875 0.8078124999999999 0.09375 0.146875
0 0.6175781250000001 0.7723958333333333 0.09765625 0.15729166666666666
0 0.669921875 0.9057291666666667 0.041406250000000006 0.059375
0 0.564453125 0.9703125 0.049218750000000006 0.059375
0 0.50390625 0.9666666666666667 0.051562500000000004 0.06041666666666667
0 0.326171875 0.7473958333333334 0.11953125 0.15104166666666666
0 0.212890625 0.746875 0.10234375000000001 0.12083333333333333
0 0.286328125 0.6604166666666667 0.06015625 0.07083333333333333
0 0.018359375 0.7020833333333333 0.03515625 0.12708333333333333
0 0.7273437500000001 0.24114583333333334 0.046875 0.051041666666666666
0 0.181640625 0.058333333333333334 0.09296875 0.11458333333333333
0 0.0125 0.23697916666666666 0.0234375 0.036458333333333336
0 0.5015625 0.6713541666666667 0.043750000000000004 0.05520833333333333
0 0.36953125000000003 0.6151041666666667 0.0859375 0.09270833333333334
