0 0.315234375 0.5098958333333333 0.08046875 0.09895833333333333
0 0.5027343750000001 0.5411458333333333 0.07890625000000001 0.12395833333333334
0 0.503125 0.6557291666666667 0.0859375 0.10729166666666666
0 0.665625 0.5515625 0.084375 0.12395833333333334
0 0.60703125 0.5010416666666666 0.07500000000000001 0.08958333333333333
0 0.6882812500000001 0.7255208333333333 0.08281250000000001 0.10729166666666666
0 0.75703125 0.6927083333333334 0.07187500000000001 0.09583333333333333
0 0.30117187500000003 0.6802083333333333 0.07109375 0.09375
0 0.35000000000000003 0.6515625 0.06406250000000001 0.09895833333333333
0 0.11992187500000001 0.6734375 0.08671875000000001 0.071875
0 0.1015625 0.8125 0.0765625 0.09583333333333333
0 0.13515625 0.8755208333333333 0.07187500000000001 0.07604166666666666
0 0.8859375 0.06197916666666667 0.07968750000000001 0.09479166666666666
0 0.5183593750000001 0.18958333333333333 0.08203125 0.09583333333333333
