0 0.131640625 0.34791666666666665 0.08515625 0.11875
0 0.34765625 0.47812499999999997 0.084375 0.11875
0 0.523046875 0.6276041666666666 0.08359375000000001 0.11145833333333333
0 0.78046875 0.6442708333333333 0.0765625 0.09479166666666666
0 0.680859375 0.8624999999999999 0.07265625 0.10208333333333333
0 0.7371093750000001 0.7744791666666666 0.06796875000000001 0.08229166666666667
0 0.74140625 0.8598958333333333 0.0578125 0.10520833333333333
0 0.550390625 0.746875 0.09140625000000001 0.11875
0 0.56796875 0.4630208333333333 0.07187500000000001 0.090625
0 0.483203125 0.4927083333333333 0.09609375 0.11875
0 0.28046875 0.678125 0.07968750000000001 0.09375
0 0.09726562500000001 0.6348958333333333 0.09453125000000001 0.128125
0 0.181640625 0.9453125 0.08515625 0.084375
0 0.37109375 0.2296875 0.021875000000000002 0.028125
0 0.37890625 0.2640625 0.0234375 0.028125
0 0.20664062500000002 0.14427083333333332 0.041406250000000006 0.057291666666666664
0 0.3296875 0.09947916666666666 0.0734375 0.10729166666666666
