0 0.547265625 0.5833333333333334 0.09140625000000001 0.11458333333333333
0 0.57734375 0.15208333333333332 0.0890625 0.11041666666666666
0 0.70625 0.7041666666666666 0.0890625 0.12291666666666666
0 0.7468750000000001 0.7828125 0.0765625 0.11770833333333333
0 0.923046875 0.6973958333333333 0.08203125 0.11354166666666667
0 0.83515625 0.5885416666666666 0.046875 0.07291666666666667
0 0.8835937500000001 0.575 0.0578125 0.1
0 0.8050781250000001 0.9223958333333333 0.041406250000000006 0.053125
0 0.48281250000000003 0.9026041666666667 0.09062500000000001 0.10729166666666666
0 0.5109375 0.8489583333333334 0.08281250000000001 0.0875
0 0.594140625 0.7692708333333333 0.08671875000000001 0.10729166666666666
0 0.38593750000000004 0.4317708333333333 0.0421875 0.046875
0 0.6136718750000001 0.21197916666666666 0.09296875 0.12604166666666666
0 0.68359375 0.125 0.0765625 0.10416666666666667
0 0.614453125 0.034375 0.09765625 0.06666666666666667
0 0.33906250000000004 0.19947916666666665 0.035937500000000004 0.06770833333333333
0 0.30000000000000004 0.18541666666666667 0.040625 0.05625
0 0.105859375 0.06770833333333333 0.09921875000000001 0.09791666666666667
0 0.041015625 0.653125 0.08046875 0.11666666666666667
0 0.246484375 0.6109375 0.08046875 0.11562499999999999
0 0.21250000000000002 0.5109375 0.0859375 0.09270833333333334
0 0.17890625000000002 0.8296875 0.0859375 0.109375
0 0.113671875 0.8192708333333333 0.07265625 0.128125
0 0.23164062500000002 0.7427083333333333 0.08515625 0.09791666666666667
0 0.251953125 0.9572916666666667 0.08359375000000001 0.075
0 0.926953125 0.8916666666666666 0.039843750000000004 0.05625
0 0.734375 0.46770833333333334 0.059375000000000004 0.07083333333333333
0 0.8640625000000001 0.3411458333333333 0.034375 0.046875
0 0.8968750000000001 0.23020833333333332 0.0421875 0.06458333333333333
0 0.90234375 0.2916666666666667 0.0578125 0.058333333333333334
0 0.40703125 0.5015625 0.046875 0.06145833333333333
0 0.37578125 0.6697916666666667 0.043750000000000004 0.06875
0 0.34804687500000003 0.8770833333333333 0.05390625 0.0625
