0 0.2015625 0.4609375 0.084375 0.096875
0 0.420703125 0.290625 0.08984375 0.12916666666666665
0 0.507421875 0.2609375 0.08828125 0.121875
0 0.58125 0.09270833333333334 0.084375 0.11666666666666667
0 0.6625000000000001 0.10104166666666667 0.0765625 0.1
0 0.7449218750000001 0.06927083333333334 0.09921875000000001 0.11354166666666667
0 0.923828125 0.04479166666666667 0.03671875 0.05416666666666667
0 0.787109375 0.2125 0.04453125 0.058333333333333334
0 0.7312500000000001 0.23802083333333332 0.045312500000000006 0.06145833333333333
0 0.687109375 0.1890625 0.039843750000000004 0.057291666666666664
0 0.562890625 0.6713541666666667 0.08359375000000001 0.11354166666666667
0 0.76328125 0.7161458333333334 0.08281250000000001 0.109375
0 0.8816406250000001 0.7947916666666667 0.09140625000000001 0.12083333333333333
0 0.921875 0.6911458333333333 0.0671875 0.08854166666666667
0 0.7515625 0.8104166666666667 0.043750000000000004 0.06041666666666667
0 0.80390625 0.7828125 0.0390625 0.057291666666666664
0 0.6429687500000001 0.8109375 0.084375 0.11562499999999999
0 0.6859375000000001 0.775 0.06406250000000001 0.1125
0 0.585546875 0.8208333333333333 0.08046875 0.13125
0 0.46914062500000003 0.75 0.10859375 0.13125
0 0.3921875 0.915625 0.1 0.12291666666666666
0 0.25859375 0.8713541666666667 0.0890625 0.11770833333333333
0 0.19609375 0.8796875 0.0921875 0.13020833333333334
0 0.335546875 0.6578125 0.10234375000000001 0.12395833333333334
0 0.417578125 0.6276041666666666 0.09296875 0.10104166666666667
0 0.20820312500000002 0.6947916666666667 0.08359375000000001 0.12291666666666666
0 0.1046875 0.78125 0.08125 0.10416666666666667
0 0.06875 0.7197916666666666 0.0765625 0.10416666666666667
0 0.01171875 0.7895833333333333 0.021875000000000002 0.09166666666666666
0 0.498828125 0.0625 0.07578125000000001 0.10416666666666667
0 0.253125 0.022916666666666665 0.0890625 0.04375
0 0.747265625 0.3104166666666667 0.047656250000000004 0.06041666666666667
0 0.589453125 0.21145833333333333 0.039843750000000004 0.04583333333333333
0 0.933203125 0.28802083333333334 0.047656250000000004 0.059375
0 0.869140625 0.3911458333333333 0.02890625 0.03854166666666667
