0 0.3015625 0.3442708333333333 0.08125 0.11354166666666667
0 0.14453125 0.4088541666666667 0.078125 0.10729166666666666
0 0.1296875 0.47604166666666664 0.084375 0.10208333333333333
0 0.333984375 0.5604166666666667 0.08359375000000001 0.10833333333333334
0 0.230859375 0.5640625 0.07421875 0.09895833333333333
0 0.17890625000000002 0.6067708333333334 0.06406250000000001 0.09270833333333334
0 0.43203125000000003 0.5484375 0.08750000000000001 0.11979166666666667
0 0.491015625 0.4630208333333333 0.08203125 0.128125
0 0.827734375 0.21927083333333333 0.08828125 0.14479166666666665
0 0.90390625 0.2046875 0.09375 0.12604166666666666
0 0.9539062500000001 0.6713541666666667 0.08125 0.11145833333333333
0 0.89609375 0.5098958333333333 0.08125 0.11354166666666667
0 0.859375 0.71875 0.0734375 0.11666666666666667
0 0.759765625 0.9041666666666667 0.08203125 0.10625
0 0.38398437500000004 0.746875 0.09296875 0.12083333333333333
0 0.43476562500000004 0.6614583333333334 0.08984375 0.10416666666666667
0 0.18203125 0.0796875 0.03125 0.034375
