0 0.10078125 0.1265625 0.06406250000000001 0.08645833333333333
0 0.078515625 0.49895833333333334 0.09140625000000001 0.12916666666666665
0 0.42109375000000004 0.6104166666666666 0.1125 0.1375
0 0.7109375 0.6114583333333333 0.0921875 0.11041666666666666
0 0.759375 0.5057291666666667 0.096875 0.14270833333333333
0 0.8699218750000001 0.48541666666666666 0.09296875 0.1375
0 0.88203125 0.5848958333333333 0.1 0.10729166666666666
0 0.9417968750000001 0.4864583333333333 0.07578125000000001 0.11875
0 0.94453125 0.3609375 0.08750000000000001 0.10729166666666666
0 0.727734375 0.15572916666666667 0.04609375 0.051041666666666666
