0 0.15546875000000002 0.22083333333333333 0.08750000000000001 0.11458333333333333
0 0.27187500000000003 0.17604166666666665 0.09062500000000001 0.11458333333333333
0 0.43281250000000004 0.04635416666666667 0.109375 0.090625
0 0.38203125000000004 0.265625 0.1015625 0.14166666666666666
0 0.47500000000000003 0.24791666666666667 0.0890625 0.12916666666666665
0 0.28750000000000003 0.35 0.0921875 0.11666666666666667
0 0.19492187500000002 0.5640625 0.06796875000000001 0.09895833333333333
0 0.25703125 0.6296875 0.07187500000000001 0.09895833333333333
0 0.362890625 0.5625 0.08359375000000001 0.11875
0 0.5359375000000001 0.5104166666666666 0.0890625 0.12916666666666665
0 0.6214843750000001 0.47812499999999997 0.08984375 0.12291666666666666
0 0.7679687500000001 0.4692708333333333 0.09062500000000001 0.11562499999999999
0 0.93125 0.35104166666666664 0.078125 0.1
0 0.7425781250000001 0.1828125 0.047656250000000004 0.046875
0 0.63671875 0.5848958333333333 0.08125 0.09895833333333333
0 0.521875 0.6333333333333333 0.0921875 0.1125
0 0.43984375000000003 0.5989583333333334 0.07500000000000001 0.13958333333333334
0 0.5730468750000001 0.7911458333333333 0.07421875 0.103125
0 0.4609375 0.7213541666666666 0.084375 0.096875
0 0.34921875 0.7666666666666666 0.0734375 0.10208333333333333
0 0.3046875 0.8614583333333333 0.05625 0.07291666666666667
0 0.21835937500000002 0.8796875 0.06328125 0.07604166666666666
0 0.6000000000000001 0.9385416666666666 0.08750000000000001 0.09583333333333333
0 0.8910156250000001 0.5161458333333333 0.08203125 0.103125
0 0.767578125 0.6052083333333333 0.08046875 0.10625
