0 0.05 0.5203125 0.0703125 0.08854166666666667
0 0.148046875 0.5328125 0.06796875000000001 0.08854166666666667
0 0.26406250000000003 0.609375 0.09062500000000001 0.10625
0 0.331640625 0.6072916666666667 0.05390625 0.06666666666666667
0 0.355078125 0.6635416666666667 0.05234375 0.06041666666666667
0 0.237109375 0.7848958333333333 0.049218750000000006 0.06354166666666666
0 0.17265625 0.9713541666666666 0.060937500000000006 0.04895833333333333
0 0.331640625 0.9713541666666666 0.06796875000000001 0.057291666666666664
0 0.554296875 0.7526041666666666 0.055468750000000004 0.08645833333333333
0 0.66953125 0.6270833333333333 0.08281250000000001 0.10416666666666667
0 0.8250000000000001 0.5411458333333333 0.0703125 0.096875
0 0.887890625 0.5421875 0.08046875 0.103125
0 0.9027343750000001 0.66875 0.06640625 0.08541666666666667
0 0.9714843750000001 0.18489583333333334 0.057031250000000006 0.103125
0 0.29609375 0.44114583333333335 0.07187500000000001 0.09270833333333334
0 0.323046875 0.11510416666666666 0.03828125 0.053125
0 0.41445312500000003 0.09479166666666666 0.03359375 0.04791666666666666
0 0.43007812500000003 0.01875 0.022656250000000003 0.03125
0 0.262890625 0.035416666666666666 0.03515625 0.052083333333333336
0 0.236328125 0.05 0.03671875 0.04583333333333333
0 0.287109375 0.1171875 0.03515625 0.051041666666666666
0 0.136328125 0.140625 0.03828125 0.05
0 0.23125 0.10364583333333333 0.0390625 0.04479166666666667
