0 0.099609375 0.07395833333333333 0.09609375 0.13541666666666666
0 0.41523437500000004 0.044270833333333336 0.09609375 0.08645833333333333
0 0.5171875 0.03229166666666666 0.10625000000000001 0.0625
0 0.45039062500000004 0.17395833333333333 0.02890625 0.05625
0 0.602734375 0.275 0.05234375 0.052083333333333336
0 0.405859375 0.4515625 0.09609375 0.11145833333333333
0 0.34414062500000003 0.7416666666666667 0.08203125 0.11041666666666666
0 0.48164062500000004 0.7286458333333333 0.09453125000000001 0.12395833333333334
0 0.5593750000000001 0.7265625 0.07500000000000001 0.096875
0 0.637890625 0.6046875 0.08046875 0.11562499999999999
0 0.7699218750000001 0.6307291666666667 0.09453125000000001 0.13229166666666667
0 0.7957031250000001 0.5807291666666666 0.08359375000000001 0.10729166666666666
0 0.701171875 0.7208333333333333 0.09765625 0.13541666666666666
0 0.38398437500000004 0.8677083333333333 0.057031250000000006 0.058333333333333334
0 0.266796875 0.7802083333333333 0.06640625 0.11875
0 0.17500000000000002 0.79375 0.034375 0.052083333333333336
0 0.16484375 0.6526041666666667 0.07500000000000001 0.09479166666666666
0 0.144921875 0.4770833333333333 0.07890625000000001 0.10625
0 0.037500000000000006 0.5651041666666666 0.0671875 0.11562499999999999
0 0.025781250000000002 0.6708333333333333 0.05 0.10625
0 0.05390625 0.8489583333333334 0.06875 0.08333333333333333
0 0.051562500000000004 0.93125 0.0671875 0.07916666666666666
0 0.30976562500000004 0.25 0.041406250000000006 0.041666666666666664
0 0.296875 0.19375 0.043750000000000004 0.0625
0 0.23046875 0.22135416666666666 0.037500000000000006 0.03229166666666666
0 0.257421875 0.13802083333333334 0.04296875 0.03854166666666667
