0 0.180078125 0.1859375 0.04609375 0.05520833333333333
0 0.536328125 0.08645833333333333 0.05078125 0.058333333333333334
0 0.5281250000000001 0.1375 0.046875 0.05416666666666667
0 0.476171875 0.39375 0.06484375 0.07916666666666666
0 0.45078125 0.459375 0.07968750000000001 0.09583333333333333
0 0.36445312500000004 0.6859375 0.04296875 0.04479166666666667
0 0.19765625 0.9296875 0.07500000000000001 0.08229166666666667
0 0.7621093750000001 0.5354166666666667 0.07734375 0.09166666666666666
0 0.791015625 0.425 0.07890625000000001 0.10208333333333333
0 0.8699218750000001 0.3223958333333333 0.08203125 0.103125
0 0.853125 0.7052083333333333 0.078125 0.09791666666666667
0 0.508203125 0.8796875 0.06484375 0.08854166666666667
0 0.27109375 0.521875 0.046875 0.0875
