0 0.41835937500000003 0.5822916666666667 0.08984375 0.11666666666666667
0 0.44648437500000004 0.14947916666666666 0.08515625 0.11770833333333333
0 0.496875 0.2125 0.0921875 0.09583333333333333
0 0.55625 0.1109375 0.08281250000000001 0.09479166666666666
0 0.255078125 0.1828125 0.04296875 0.04895833333333333
0 0.1296875 0.5973958333333333 0.09062500000000001 0.09895833333333333
0 0.10390625 0.5072916666666667 0.0859375 0.1
0 0.36796875 0.9 0.09062500000000001 0.11041666666666666
0 0.5984375000000001 0.6942708333333333 0.08125 0.12604166666666666
0 0.6355468750000001 0.7822916666666666 0.08984375 0.11458333333333333
0 0.8125 0.6958333333333333 0.096875 0.1
0 0.9222656250000001 0.7489583333333333 0.08828125 0.11458333333333333
0 0.9421875000000001 0.43854166666666666 0.078125 0.1125
0 0.815625 0.32916666666666666 0.043750000000000004 0.05416666666666667
0 0.6062500000000001 0.46510416666666665 0.0546875 0.065625
0 0.33671875 0.4265625 0.05625 0.06354166666666666
0 0.07734375 0.7963541666666667 0.0859375 0.084375
0 0.1453125 0.9515625 0.084375 0.07395833333333333
0 0.47421875 0.7630208333333334 0.096875 0.10104166666666667
