0 0.141015625 0.3421875 0.05859375 0.08645833333333333
0 0.185546875 0.4171875 0.05234375 0.05520833333333333
0 0.050390625 0.5197916666666667 0.06171875 0.07291666666666667
0 0.151171875 0.6026041666666666 0.08203125 0.10520833333333333
0 0.14453125 0.7463541666666667 0.037500000000000006 0.046875
0 0.18320312500000002 0.7723958333333333 0.03828125 0.051041666666666666
0 0.091796875 0.9604166666666667 0.06015625 0.06666666666666667
0 0.23554687500000002 0.9640624999999999 0.06484375 0.071875
0 0.44843750000000004 0.7515625 0.06875 0.084375
0 0.56796875 0.6208333333333333 0.07968750000000001 0.11041666666666666
0 0.46601562500000004 0.559375 0.07109375 0.09583333333333333
0 0.7230468750000001 0.534375 0.07421875 0.09791666666666667
0 0.794921875 0.5369791666666667 0.07578125000000001 0.10729166666666666
0 0.8757812500000001 0.175 0.078125 0.11875
0 0.8203125 0.6692708333333334 0.0625 0.08645833333333333
0 0.876171875 0.6125 0.06796875000000001 0.10416666666666667
0 0.19101562500000002 0.10364583333333333 0.03828125 0.04895833333333333
0 0.22031250000000002 0.034375 0.034375 0.05
0 0.194140625 0.04583333333333333 0.032031250000000004 0.04375
0 0.24375000000000002 0.1171875 0.0390625 0.053125
0 0.276953125 0.1109375 0.041406250000000006 0.040625
0 0.369140625 0.090625 0.03828125 0.041666666666666664
0 0.312109375 0.1375 0.03359375 0.03958333333333333
0 0.19921875 0.146875 0.0234375 0.022916666666666665
