0 0.41640625000000003 0.21979166666666666 0.07968750000000001 0.12083333333333333
0 0.48554687500000004 0.17239583333333333 0.08828125 0.12395833333333334
0 0.59296875 0.08385416666666666 0.0890625 0.12395833333333334
0 0.740234375 0.04375 0.08984375 0.07916666666666666
0 0.56484375 0.3052083333333333 0.043750000000000004 0.05625
0 0.421484375 0.8130208333333333 0.07421875 0.10729166666666666
0 0.369921875 0.8078124999999999 0.05234375 0.08645833333333333
0 0.599609375 0.7427083333333333 0.06953125 0.09583333333333333
0 0.671875 0.6661458333333333 0.0625 0.109375
0 0.740234375 0.684375 0.07421875 0.1
0 0.203515625 0.665625 0.07421875 0.0875
0 0.35976562500000003 0.9572916666666667 0.055468750000000004 0.052083333333333336
