0 0.20820312500000002 0.3958333333333333 0.06796875000000001 0.0875
0 0.28046875 0.41822916666666665 0.0859375 0.109375
0 0.4375 0.4505208333333333 0.09062500000000001 0.11562499999999999
0 0.47304687500000003 0.5072916666666667 0.08046875 0.10625
0 0.555859375 0.5005208333333333 0.07734375 0.090625
0 0.712890625 0.5364583333333334 0.08515625 0.11041666666666666
0 0.84921875 0.8026041666666667 0.078125 0.103125
0 0.55859375 0.2708333333333333 0.05 0.06666666666666667
0 0.42109375000000004 0.6520833333333333 0.084375 0.10208333333333333
0 0.158203125 0.5739583333333333 0.08828125 0.10208333333333333
0 0.641796875 0.19270833333333334 0.04453125 0.05416666666666667
