0 0.069140625 0.3338541666666667 0.11796875000000001 0.16145833333333334
0 0.17421875 0.3484375 0.11093750000000001 0.16979166666666667
0 0.181640625 0.057812499999999996 0.09453125000000001 0.11354166666666667
0 0.572265625 0.07916666666666666 0.10078125 0.12291666666666666
0 0.7683593750000001 0.08020833333333333 0.08828125 0.11875
0 0.8578125000000001 0.121875 0.1 0.15625
0 0.727734375 0.23906249999999998 0.05078125 0.04895833333333333
0 0.9050781250000001 0.6072916666666667 0.06328125 0.09375
0 0.96796875 0.7239583333333334 0.059375000000000004 0.10625
0 0.7046875 0.8140625 0.084375 0.121875
0 0.6179687500000001 0.7713541666666667 0.1015625 0.14895833333333333
0 0.326953125 0.7520833333333333 0.11953125 0.15208333333333332
0 0.213671875 0.7510416666666666 0.10859375 0.12708333333333333
0 0.255078125 0.240625 0.03828125 0.05
0 0.503125 0.9651041666666667 0.05 0.059375
0 0.669921875 0.9036458333333334 0.049218750000000006 0.053125
0 0.26171875 0.29322916666666665 0.045312500000000006 0.051041666666666666
0 0.0125 0.2421875 0.0234375 0.04479166666666667
