0 0.21054687500000002 0.084375 0.025781250000000002 0.029166666666666667
0 0.29140625000000003 0.034375 0.0734375 0.06666666666666667
0 0.36367187500000003 0.036458333333333336 0.08359375000000001 0.07083333333333333
0 0.52265625 0.19166666666666665 0.08281250000000001 0.10208333333333333
0 0.8871093750000001 0.06770833333333333 0.08203125 0.09583333333333333
0 0.9187500000000001 0.41041666666666665 0.07187500000000001 0.10833333333333334
0 0.665234375 0.5484375 0.08515625 0.11979166666666667
0 0.6117187500000001 0.5020833333333333 0.06406250000000001 0.09583333333333333
0 0.505078125 0.5395833333333333 0.08671875000000001 0.11458333333333333
0 0.504296875 0.6614583333333334 0.08515625 0.1125
0 0.316015625 0.5114583333333333 0.07890625000000001 0.10625
0 0.3453125 0.6541666666666667 0.0703125 0.09791666666666667
0 0.29921875000000003 0.6848958333333334 0.07500000000000001 0.09895833333333333
0 0.11992187500000001 0.6776041666666667 0.07421875 0.08645833333333333
0 0.105859375 0.8072916666666666 0.06484375 0.08333333333333333
0 0.13203125000000002 0.8786458333333333 0.07187500000000001 0.08854166666666667
0 0.07500000000000001 0.8869791666666667 0.06406250000000001 0.06979166666666667
0 0.11640625 0.9697916666666666 0.0625 0.06041666666666667
0 0.6136718750000001 0.7395833333333334 0.07109375 0.11041666666666666
0 0.688671875 0.7234375 0.08359375000000001 0.11354166666666667
0 0.7605468750000001 0.7 0.07109375 0.11458333333333333
0 0.9222656250000001 0.91875 0.07578125000000001 0.11041666666666666
0 0.45625000000000004 0.022395833333333334 0.034375 0.042708333333333334
