0 0.216796875 0.3854166666666667 0.10078125 0.1375
0 0.37421875000000004 0.11197916666666667 0.096875 0.13854166666666667
0 0.40859375000000003 0.578125 0.1 0.13333333333333333
0 0.496875 0.5505208333333333 0.1 0.121875
0 0.77265625 0.46197916666666666 0.0765625 0.11770833333333333
0 0.640234375 0.5505208333333333 0.08515625 0.11770833333333333
0 0.849609375 0.7588541666666666 0.08828125 0.10520833333333333
0 0.92109375 0.7265625 0.07968750000000001 0.11562499999999999
0 0.542578125 0.9442708333333333 0.08359375000000001 0.09895833333333333
0 0.37226562500000004 0.928125 0.09609375 0.1
0 0.1421875 0.8265625 0.0859375 0.09270833333333334
0 0.6195312500000001 0.6583333333333333 0.08125 0.10833333333333334
0 0.61875 0.13125 0.10625000000000001 0.1125
0 0.801953125 0.05677083333333333 0.11328125 0.10729166666666666
0 0.550390625 0.06510416666666667 0.11015625000000001 0.11770833333333333
0 0.6917968750000001 0.22343749999999998 0.05078125 0.057291666666666664
0 0.7800781250000001 0.21510416666666665 0.047656250000000004 0.05520833333333333
0 0.734375 0.2609375 0.045312500000000006 0.05520833333333333
0 0.890625 0.26979166666666665 0.037500000000000006 0.05625
