0 0.10703125000000001 0.2942708333333333 0.0484375 0.059375
0 0.1421875 0.25885416666666666 0.0390625 0.046875
0 0.16875 0.1484375 0.043750000000000004 0.05520833333333333
0 0.06328125 0.30052083333333335 0.043750000000000004 0.05520833333333333
0 0.350390625 0.4791666666666667 0.09921875000000001 0.12083333333333333
0 0.234765625 0.4921875 0.09609375 0.103125
0 0.45742187500000003 0.74375 0.10859375 0.14375
0 0.4765625 0.8421875 0.09843750000000001 0.09479166666666666
0 0.669921875 0.6723958333333333 0.09296875 0.134375
0 0.62109375 0.6942708333333333 0.06875 0.128125
0 0.9632812500000001 0.09479166666666666 0.0734375 0.15833333333333333
0 0.43476562500000004 0.2994791666666667 0.09609375 0.11354166666666667
0 0.429296875 0.4125 0.09609375 0.08958333333333333
0 0.455859375 0.16666666666666666 0.017968750000000002 0.03333333333333333
