0 0.17343750000000002 0.07916666666666666 0.1046875 0.13333333333333333
0 0.353125 0.16354166666666667 0.0765625 0.10625
0 0.29609375 0.1578125 0.08750000000000001 0.10104166666666667
0 0.294140625 0.059375 0.08046875 0.08333333333333333
0 0.609375 0.2796875 0.0484375 0.06979166666666667
0 0.73828125 0.021354166666666667 0.115625 0.040625
0 0.9484375 0.034375 0.084375 0.06666666666666667
0 0.9636718750000001 0.5494791666666666 0.07265625 0.13645833333333332
0 0.971875 0.7130208333333333 0.05625 0.11354166666666667
0 0.85703125 0.7036458333333333 0.0890625 0.109375
0 0.6019531250000001 0.696875 0.08984375 0.1
0 0.52265625 0.7432291666666666 0.09062500000000001 0.134375
0 0.08671875000000001 0.6359375 0.09531250000000001 0.11770833333333333
0 0.08671875000000001 0.7536458333333333 0.0890625 0.103125
0 0.026562500000000003 0.6932291666666667 0.051562500000000004 0.134375
0 0.2390625 0.953125 0.0765625 0.06875
