0 0.36328125 0.6651041666666666 0.1015625 0.128125
0 0.34453125 0.5244791666666666 0.06875 0.06770833333333333
0 0.09140625000000001 0.696875 0.08125 0.11458333333333333
0 0.3359375 0.7875 0.07187500000000001 0.11041666666666666
0 0.82578125 0.17395833333333333 0.1046875 0.13958333333333334
0 0.472265625 0.05572916666666666 0.09765625 0.10104166666666667
0 0.11015625000000001 0.22708333333333333 0.035937500000000004 0.04791666666666666
0 0.098828125 0.08645833333333333 0.08203125 0.1125
0 0.7679687500000001 0.6734375 0.084375 0.12604166666666666
0 0.8406250000000001 0.7182291666666667 0.078125 0.11770833333333333
0 0.8542968750000001 0.05572916666666666 0.09921875000000001 0.10729166666666666
