0 0.421484375 0.21822916666666667 0.09140625000000001 0.11979166666666667
0 0.483203125 0.18125 0.08203125 0.12708333333333333
0 0.59375 0.0890625 0.09531250000000001 0.121875
0 0.7390625000000001 0.049479166666666664 0.0859375 0.09479166666666666
0 0.5640625 0.3098958333333333 0.0421875 0.059375
0 0.770703125 0.28802083333333334 0.06953125 0.065625
0 0.6707031250000001 0.6625 0.06171875 0.09583333333333333
0 0.7375 0.6848958333333334 0.07968750000000001 0.08854166666666667
0 0.6511718750000001 0.5677083333333334 0.032031250000000004 0.0375
0 0.59609375 0.7432291666666666 0.06875 0.103125
0 0.47968750000000004 0.684375 0.084375 0.11458333333333333
0 0.42031250000000003 0.8140625 0.078125 0.10104166666666667
0 0.605078125 0.9494791666666667 0.05390625 0.06354166666666666
0 0.375 0.8052083333333333 0.059375000000000004 0.10208333333333333
0 0.36328125 0.9536458333333333 0.05 0.06770833333333333
0 0.209765625 0.6833333333333333 0.08828125 0.11458333333333333
0 0.26484375 0.7463541666666667 0.060937500000000006 0.08229166666666667
0 0.314453125 0.0828125 0.07421875 0.103125
0 0.12734375 0.08541666666666667 0.043750000000000004 0.058333333333333334
