0 0.31484375000000003 0.18802083333333333 0.08125 0.109375
0 0.6488281250000001 0.1 0.06953125 0.1
0 0.8597656250000001 0.09895833333333333 0.08671875000000001 0.11458333333333333
0 0.7839843750000001 0.2765625 0.07265625 0.103125
0 0.73828125 0.27239583333333334 0.053125000000000006 0.09895833333333333
0 0.7816406250000001 0.56875 0.06484375 0.10833333333333334
0 0.894140625 0.634375 0.06796875000000001 0.09791666666666667
0 0.907421875 0.7447916666666666 0.04609375 0.07083333333333333
0 0.8523437500000001 0.6723958333333333 0.0578125 0.071875
0 0.385546875 0.6239583333333333 0.08046875 0.11041666666666666
0 0.15742187500000002 0.6442708333333333 0.08515625 0.10729166666666666
0 0.083984375 0.65625 0.06328125 0.07291666666666667
0 0.10898437500000001 0.078125 0.08046875 0.09375
0 0.4 0.7822916666666666 0.021875000000000002 0.029166666666666667
0 0.428515625 0.7869791666666667 0.022656250000000003 0.030208333333333334
0 0.37812500000000004 0.771875 0.0203125 0.029166666666666667
0 0.39296875000000003 0.9671875 0.0203125 0.026041666666666668
0 0.6171875 0.9484374999999999 0.018750000000000003 0.028125
0 0.58828125 0.8125 0.0203125 0.025
0 0.6179687500000001 0.834375 0.021875000000000002 0.025
0 0.677734375 0.6921875 0.02109375 0.030208333333333334
0 0.6335937500000001 0.8234374999999999 0.0203125 0.021875
0 0.421484375 0.19479166666666667 0.02109375 0.03125
0 0.46523437500000003 0.057291666666666664 0.02109375 0.022916666666666665
0 0.58828125 0.0359375 0.018750000000000003 0.019791666666666666
0 0.5234375 0.09583333333333333 0.018750000000000003 0.027083333333333334
0 0.5066406250000001 0.0609375 0.01953125 0.026041666666666668
0 0.373828125 0.07864583333333333 0.02109375 0.026041666666666668
0 0.452734375 0.10208333333333333 0.02109375 0.027083333333333334
0 0.26875 0.2859375 0.043750000000000004 0.05520833333333333
0 0.19062500000000002 0.46041666666666664 0.0734375 0.09791666666666667
