0 0.21054687500000002 0.2546875 0.10546875 0.13020833333333334
0 0.11406250000000001 0.28072916666666664 0.0921875 0.134375
0 0.08867187500000001 0.10833333333333334 0.08203125 0.13541666666666666
0 0.43515625 0.019270833333333334 0.09843750000000001 0.036458333333333336
0 0.41328125000000004 0.058333333333333334 0.08750000000000001 0.05416666666666667
0 0.7019531250000001 0.10364583333333333 0.039843750000000004 0.05520833333333333
0 0.821875 0.0328125 0.08125 0.06354166666666666
0 0.8515625 0.47031249999999997 0.0765625 0.10520833333333333
0 0.91171875 0.5588541666666667 0.08281250000000001 0.10520833333333333
0 0.710546875 0.615625 0.08515625 0.11458333333333333
0 0.753515625 0.7755208333333333 0.08671875000000001 0.12395833333333334
0 0.833203125 0.7869791666666667 0.08359375000000001 0.11770833333333333
0 0.8910156250000001 0.9249999999999999 0.08203125 0.10833333333333334
0 0.8011718750000001 0.8682291666666666 0.07578125000000001 0.103125
0 0.6039062500000001 0.8312499999999999 0.078125 0.1
0 0.59296875 0.7020833333333333 0.08281250000000001 0.11666666666666667
0 0.5375 0.7276041666666666 0.05625 0.11145833333333333
0 0.46796875000000004 0.6130208333333333 0.043750000000000004 0.06145833333333333
0 0.19101562500000002 0.5145833333333333 0.08515625 0.11666666666666667
0 0.22773437500000002 0.40572916666666664 0.08203125 0.11354166666666667
0 0.07421875 0.3890625 0.07500000000000001 0.10520833333333333
0 0.6628906250000001 0.16354166666666667 0.03828125 0.052083333333333336
0 0.6273437500000001 0.15260416666666665 0.029687500000000002 0.04895833333333333
0 0.78515625 0.45677083333333335 0.046875 0.040625
0 0.5164062500000001 0.4380208333333333 0.0421875 0.06979166666666667
0 0.36328125 0.5067708333333333 0.08125 0.10520833333333333
