0 0.060937500000000006 0.221875 0.10625000000000001 0.14583333333333334
0 0.467578125 0.090625 0.08671875000000001 0.12291666666666666
0 0.5105468750000001 0.11458333333333333 0.07578125000000001 0.11666666666666667
0 0.7390625000000001 0.06614583333333333 0.09375 0.12395833333333334
0 0.671875 0.08489583333333334 0.0859375 0.103125
0 0.8609375 0.19427083333333334 0.109375 0.13020833333333334
0 0.919140625 0.26666666666666666 0.08359375000000001 0.11875
0 0.8363281250000001 0.32760416666666664 0.08984375 0.103125
0 0.5703125 0.6979166666666666 0.09062500000000001 0.12708333333333333
0 0.46640625 0.6770833333333334 0.08750000000000001 0.11458333333333333
0 0.0890625 0.7057291666666666 0.0671875 0.078125
0 0.479296875 0.9604166666666667 0.07578125000000001 0.07291666666666667
0 0.5613281250000001 0.9635416666666666 0.06796875000000001 0.058333333333333334
