0 0.18867187500000002 0.3390625 0.07421875 0.10729166666666666
0 0.7140625 0.2125 0.0890625 0.1375
0 0.7875000000000001 0.19739583333333333 0.0921875 0.12395833333333334
0 0.8910156250000001 0.09270833333333334 0.09296875 0.12291666666666666
0 0.898046875 0.43854166666666666 0.07109375 0.1
0 0.78125 0.503125 0.08125 0.09583333333333333
0 0.852734375 0.6671875 0.08671875000000001 0.10520833333333333
0 0.758984375 0.7145833333333333 0.07265625 0.10833333333333334
0 0.65390625 0.9015624999999999 0.08281250000000001 0.109375
0 0.264453125 0.7359375 0.08828125 0.11145833333333333
0 0.31484375000000003 0.6552083333333333 0.08750000000000001 0.10625
0 0.31484375000000003 0.5453125 0.09062500000000001 0.10520833333333333
0 0.374609375 0.44895833333333335 0.08515625 0.11666666666666667
0 0.26015625000000003 0.4453125 0.05 0.08020833333333333
0 0.219140625 0.5447916666666667 0.08046875 0.09375
0 0.09257812500000001 0.5953125 0.06640625 0.08020833333333333
0 0.129296875 0.5567708333333333 0.06328125 0.08229166666666667
0 0.044140625 0.40572916666666664 0.08046875 0.103125
0 0.133203125 0.02395833333333333 0.07265625 0.04583333333333333
