0 0.15390625000000002 0.36041666666666666 0.1171875 0.18958333333333333
0 0.047656250000000004 0.3421875 0.09375 0.16145833333333334
0 0.24960937500000002 0.2453125 0.03828125 0.053125
0 0.252734375 0.2942708333333333 0.03828125 0.04479166666666667
0 0.548046875 0.07083333333333333 0.10390625 0.125
0 0.6351562500000001 0.06354166666666666 0.084375 0.11875
0 0.745703125 0.078125 0.08984375 0.125
0 0.830078125 0.12135416666666667 0.10859375 0.15520833333333334
0 0.7152343750000001 0.23854166666666665 0.039843750000000004 0.05625
0 0.9765625 0.34270833333333334 0.035937500000000004 0.05625
0 0.9574218750000001 0.06354166666666666 0.08046875 0.12291666666666666
0 0.593359375 0.7713541666666667 0.09609375 0.13854166666666667
0 0.303515625 0.7526041666666666 0.12109375 0.15104166666666666
0 0.194140625 0.7541666666666667 0.10078125 0.13125
0 0.659375 0.9098958333333333 0.045312500000000006 0.06354166666666666
0 0.8871093750000001 0.6255208333333333 0.07109375 0.121875
0 0.9574218750000001 0.7322916666666667 0.07734375 0.1125
0 0.8304687500000001 0.7104166666666667 0.0671875 0.12916666666666665
0 0.6843750000000001 0.8182291666666667 0.08750000000000001 0.13854166666666667
0 0.55234375 0.9604166666666667 0.046875 0.04375
0 0.490234375 0.9651041666666667 0.05390625 0.057291666666666664
0 0.34921875 0.6359375 0.084375 0.10520833333333333
0 0.16132812500000002 0.06145833333333333 0.08828125 0.12083333333333333
0 0.253515625 0.06822916666666666 0.041406250000000006 0.040625
