0 0.11289062500000001 0.20416666666666666 0.08984375 0.11875
0 0.05390625 0.20781249999999998 0.0578125 0.10729166666666666
0 0.213671875 0.0859375 0.09140625000000001 0.121875
0 0.28359375000000003 0.08489583333333334 0.08125 0.096875
0 0.55234375 0.034375 0.078125 0.06666666666666667
0 0.46171875 0.21927083333333333 0.043750000000000004 0.06145833333333333
0 0.42578125 0.24739583333333334 0.0421875 0.05520833333333333
0 0.37812500000000004 0.25 0.043750000000000004 0.05
0 0.48828125 0.3697916666666667 0.0421875 0.0625
0 0.642578125 0.24895833333333334 0.039843750000000004 0.05416666666666667
0 0.6199218750000001 0.32135416666666666 0.032031250000000004 0.040625
0 0.909765625 0.5359375 0.07734375 0.10104166666666667
0 0.6566406250000001 0.7057291666666666 0.07421875 0.09895833333333333
0 0.58828125 0.7489583333333333 0.0765625 0.11458333333333333
0 0.4 0.9140625 0.08125 0.09479166666666666
0 0.44453125000000004 0.9677083333333333 0.0734375 0.06458333333333333
0 0.7347656250000001 0.9604166666666667 0.04296875 0.06458333333333333
0 0.25234375000000003 0.6822916666666666 0.084375 0.125
0 0.19882812500000002 0.6822916666666666 0.05234375 0.09791666666666667
0 0.068359375 0.6927083333333334 0.07421875 0.10208333333333333
0 0.162890625 0.8770833333333333 0.06953125 0.08541666666666667
0 0.3328125 0.7614583333333333 0.07968750000000001 0.09375
0 0.263671875 0.7869791666666667 0.07421875 0.090625
0 0.240234375 0.8583333333333333 0.08203125 0.09583333333333333
0 0.737890625 0.35104166666666664 0.041406250000000006 0.075
0 0.262890625 0.3776041666666667 0.02890625 0.03854166666666667
0 0.7214843750000001 0.5760416666666667 0.03671875 0.0375
