0 0.37265625 0.17239583333333333 0.08281250000000001 0.11562499999999999
0 0.3140625 0.2171875 0.08281250000000001 0.11354166666666667
0 0.468359375 0.08177083333333333 0.09296875 0.128125
0 0.6253906250000001 0.04479166666666667 0.08828125 0.0875
0 0.31367187500000004 0.8015625 0.07578125000000001 0.10520833333333333
0 0.26601562500000003 0.7895833333333333 0.05078125 0.09791666666666667
0 0.11640625 0.6708333333333333 0.08750000000000001 0.11666666666666667
0 0.169921875 0.7255208333333333 0.05859375 0.084375
0 0.479296875 0.7416666666666667 0.07109375 0.10833333333333334
0 0.36640625000000004 0.6666666666666666 0.07500000000000001 0.0875
0 0.555078125 0.6635416666666667 0.06953125 0.10208333333333333
0 0.6218750000000001 0.6791666666666667 0.07968750000000001 0.08125
0 0.9613281250000001 0.5713541666666666 0.07578125000000001 0.11979166666666667
0 0.9695312500000001 0.371875 0.034375 0.0375
0 0.51328125 0.3020833333333333 0.043750000000000004 0.052083333333333336
0 0.394140625 0.409375 0.04296875 0.05416666666666667
0 0.32421875 0.465625 0.045312500000000006 0.04791666666666666
0 0.09296875 0.09583333333333333 0.035937500000000004 0.035416666666666666
0 0.20664062500000002 0.084375 0.06640625 0.0875
0 0.08671875000000001 0.22708333333333333 0.018750000000000003 0.027083333333333334
0 0.09921875000000001 0.13854166666666667 0.021875000000000002 0.022916666666666665
0 0.13515625 0.27291666666666664 0.025 0.029166666666666667
0 0.051562500000000004 0.3020833333333333 0.025 0.03125
0 0.640625 0.9463541666666666 0.0421875 0.05520833333333333
0 0.30507812500000003 0.9458333333333333 0.04609375 0.052083333333333336
