0 0.04453125 0.46458333333333335 0.07187500000000001 0.08333333333333333
0 0.012890625000000001 0.0734375 0.02421875 0.11354166666666667
0 0.36953125000000003 0.0265625 0.1125 0.051041666666666666
0 0.27773437500000003 0.04635416666666667 0.11640625 0.090625
0 0.55078125 0.2677083333333333 0.045312500000000006 0.05416666666666667
0 0.27773437500000003 0.44375 0.08359375000000001 0.11875
0 0.357421875 0.721875 0.08359375000000001 0.12083333333333333
0 0.23007812500000002 0.7291666666666666 0.07734375 0.10208333333333333
0 0.16796875 0.7671875 0.0765625 0.103125
0 0.513671875 0.5942708333333333 0.08359375000000001 0.11354166666666667
0 0.644140625 0.6270833333333333 0.08828125 0.13125
0 0.6824218750000001 0.5755208333333334 0.08671875000000001 0.096875
0 0.941015625 0.5458333333333333 0.09765625 0.16666666666666666
0 0.933203125 0.35885416666666664 0.09921875000000001 0.128125
0 0.730078125 0.24947916666666667 0.04453125 0.040625
0 0.437109375 0.7192708333333333 0.07421875 0.10104166666666667
0 0.578125 0.715625 0.1 0.13958333333333334
0 0.6742187500000001 0.7119791666666666 0.0859375 0.08854166666666667
0 0.962890625 0.8994791666666666 0.07421875 0.11770833333333333
0 0.7898437500000001 0.8921875 0.0703125 0.08229166666666667
0 0.3171875 0.8578125 0.05625 0.046875
0 0.08125 0.8239583333333333 0.043750000000000004 0.041666666666666664
0 0.06875 0.6479166666666667 0.0765625 0.09791666666666667
0 0.393359375 0.2609375 0.04609375 0.04479166666666667
0 0.353125 0.16770833333333332 0.037500000000000006 0.04791666666666666
