0 0.33125000000000004 0.5885416666666666 0.096875 0.13333333333333333
0 0.15937500000000002 0.5697916666666667 0.08750000000000001 0.10625
0 0.357421875 0.44687499999999997 0.09609375 0.13333333333333333
0 0.544921875 0.3223958333333333 0.07421875 0.128125
0 0.61875 0.33125 0.0859375 0.12083333333333333
0 0.8125 0.046875 0.1125 0.09166666666666666
0 0.7660156250000001 0.6755208333333333 0.09921875000000001 0.128125
0 0.586328125 0.5526041666666667 0.05234375 0.059375
0 0.10312500000000001 0.7354166666666666 0.0859375 0.125
0 0.22031250000000002 0.6979166666666666 0.0703125 0.10416666666666667
0 0.27109375 0.2942708333333333 0.03125 0.046875
