0 0.408984375 0.18958333333333333 0.07734375 0.10416666666666667
0 0.55 0.5416666666666666 0.08750000000000001 0.12083333333333333
0 0.5750000000000001 0.7208333333333333 0.084375 0.1125
0 0.650390625 0.6927083333333334 0.08359375000000001 0.10833333333333334
0 0.8070312500000001 0.4015625 0.08281250000000001 0.10520833333333333
0 0.935546875 0.09114583333333333 0.07734375 0.103125
0 0.771484375 0.05416666666666667 0.07578125000000001 0.09791666666666667
0 0.38593750000000004 0.5333333333333333 0.078125 0.1125
0 0.385546875 0.6536458333333334 0.08515625 0.11354166666666667
0 0.80859375 0.9125 0.0703125 0.09375
0 0.190234375 0.68125 0.07421875 0.09375
0 0.23945312500000002 0.640625 0.06953125 0.09583333333333333
0 0.2109375 0.50625 0.08125 0.09791666666666667
0 0.025 0.7942708333333334 0.0484375 0.090625
