0 0.28945312500000003 0.29375 0.09921875000000001 0.12708333333333333
0 0.369921875 0.25729166666666664 0.08828125 0.11875
0 0.45039062500000004 0.09375 0.08515625 0.10833333333333334
0 0.5398437500000001 0.09427083333333333 0.09375 0.11562499999999999
0 0.6171875 0.0640625 0.1046875 0.121875
0 0.404296875 0.3416666666666667 0.04296875 0.04791666666666666
0 0.4609375 0.2515625 0.0390625 0.059375
0 0.5105468750000001 0.18697916666666667 0.039843750000000004 0.046875
0 0.5390625 0.20677083333333332 0.03125 0.04479166666666667
0 0.59609375 0.17395833333333333 0.043750000000000004 0.04791666666666666
0 0.63671875 0.184375 0.040625 0.05625
0 0.6839843750000001 0.12239583333333333 0.04296875 0.053125
0 0.7332031250000001 0.2046875 0.04296875 0.05520833333333333
0 0.679296875 0.2296875 0.04296875 0.057291666666666664
0 0.6957031250000001 0.3020833333333333 0.04296875 0.05625
0 0.8859375 0.2833333333333333 0.043750000000000004 0.058333333333333334
0 0.790234375 0.3046875 0.030468750000000003 0.036458333333333336
0 0.95234375 0.540625 0.0703125 0.10625
0 0.79609375 0.6947916666666667 0.07968750000000001 0.10416666666666667
0 0.909375 0.7208333333333333 0.08125 0.11458333333333333
0 0.7527343750000001 0.7911458333333333 0.09921875000000001 0.11354166666666667
0 0.690625 0.8072916666666666 0.045312500000000006 0.06041666666666667
0 0.6421875 0.71875 0.08281250000000001 0.10208333333333333
0 0.6796875 0.6140625 0.0734375 0.08645833333333333
0 0.51328125 0.8052083333333333 0.084375 0.1125
0 0.566796875 0.7765625 0.06328125 0.11562499999999999
0 0.45703125 0.81875 0.06875 0.13125
0 0.41718750000000004 0.6609375 0.084375 0.10729166666666666
0 0.32851562500000003 0.7385416666666667 0.09765625 0.11666666666666667
0 0.273046875 0.9057291666666667 0.09140625000000001 0.11354166666666667
0 0.135546875 0.8557291666666667 0.07421875 0.11562499999999999
0 0.2 0.64375 0.09062500000000001 0.12083333333333333
0 0.090234375 0.4630208333333333 0.07578125000000001 0.09270833333333334
0 0.751953125 0.14010416666666667 0.022656250000000003 0.030208333333333334
0 0.5578125 0.9098958333333333 0.0390625 0.059375
0 0.46914062500000003 0.934375 0.03828125 0.06041666666666667
0 0.564453125 0.9682291666666667 0.01953125 0.02395833333333333
0 0.64609375 0.8546874999999999 0.0171875 0.02395833333333333
