0 0.038671875 0.5161458333333333 0.07578125000000001 0.11145833333333333
0 0.1234375 0.5078125 0.0921875 0.134375
0 0.166796875 0.6 0.08984375 0.10833333333333334
0 0.21054687500000002 0.5119791666666667 0.08203125 0.13020833333333334
0 0.298828125 0.43333333333333335 0.09921875000000001 0.12708333333333333
0 0.21992187500000002 0.3807291666666667 0.08203125 0.12395833333333334
0 0.16132812500000002 0.28125 0.04609375 0.05625
0 0.494140625 0.45416666666666666 0.08359375000000001 0.10416666666666667
0 0.606640625 0.6104166666666666 0.06484375 0.08958333333333333
0 0.663671875 0.5385416666666667 0.06640625 0.11041666666666666
0 0.7625000000000001 0.47760416666666666 0.07968750000000001 0.10104166666666667
0 0.7359375 0.5692708333333333 0.08750000000000001 0.103125
