0 0.0484375 0.7338541666666667 0.07500000000000001 0.10104166666666667
0 0.23164062500000002 0.575 0.08359375000000001 0.10416666666666667
0 0.31367187500000004 0.5661458333333333 0.07734375 0.13020833333333334
0 0.5984375000000001 0.5890625 0.10625000000000001 0.15104166666666666
0 0.766796875 0.7291666666666666 0.11015625000000001 0.1375
0 0.8542968750000001 0.715625 0.07265625 0.13333333333333333
0 0.958984375 0.5854166666666667 0.08203125 0.1375
0 0.8679687500000001 0.3208333333333333 0.053125000000000006 0.06666666666666667
0 0.905859375 0.2921875 0.05390625 0.065625
0 0.658203125 0.12447916666666667 0.11953125 0.159375
0 0.7308593750000001 0.07864583333333333 0.08984375 0.15520833333333334
0 0.798828125 0.06041666666666667 0.05234375 0.10416666666666667
0 0.50546875 0.11302083333333333 0.0671875 0.13854166666666667
0 0.32851562500000003 0.13333333333333333 0.09609375 0.13333333333333333
0 0.259375 0.06614583333333333 0.1171875 0.13020833333333334
0 0.09648437500000001 0.025 0.03515625 0.04583333333333333
0 0.117578125 0.28802083333333334 0.041406250000000006 0.053125
0 0.078125 0.3765625 0.0390625 0.051041666666666666
0 0.19257812500000002 0.7671875 0.08046875 0.11562499999999999
0 0.32734375000000004 0.6947916666666667 0.084375 0.11666666666666667
0 0.52109375 0.6817708333333333 0.09843750000000001 0.14270833333333333
0 0.451953125 0.7671875 0.11484375000000001 0.13854166666666667
0 0.36054687500000004 0.7739583333333333 0.07578125000000001 0.13125
0 0.693359375 0.8354166666666667 0.08828125 0.12916666666666665
0 0.615234375 0.7822916666666666 0.08046875 0.12708333333333333
0 0.8890625000000001 0.9552083333333333 0.09062500000000001 0.07708333333333334
0 0.494140625 0.9630208333333333 0.05390625 0.053125
0 0.547265625 0.296875 0.047656250000000004 0.06458333333333333
0 0.31796875 0.25729166666666664 0.0390625 0.0625
0 0.248828125 0.209375 0.03828125 0.05625
0 0.19375 0.2375 0.028125 0.04375
