0 0.244140625 0.17916666666666667 0.06953125 0.0875
0 0.37031250000000004 0.1328125 0.0734375 0.096875
0 0.43203125000000003 0.12343749999999999 0.065625 0.09270833333333334
0 0.55625 0.11510416666666666 0.0765625 0.09479166666666666
0 0.587890625 0.21875 0.06640625 0.09791666666666667
0 0.782421875 0.19791666666666666 0.039843750000000004 0.04791666666666666
0 0.6082031250000001 0.6052083333333333 0.07734375 0.10833333333333334
0 0.685546875 0.6651041666666666 0.06328125 0.090625
0 0.80859375 0.6067708333333334 0.0734375 0.090625
0 0.816015625 0.4197916666666667 0.06171875 0.09791666666666667
0 0.7523437500000001 0.7984375 0.045312500000000006 0.06145833333333333
0 0.389453125 0.803125 0.06015625 0.075
0 0.531640625 0.5822916666666667 0.08046875 0.1
0 0.45625000000000004 0.4125 0.084375 0.10416666666666667
0 0.39570312500000004 0.50625 0.08203125 0.10416666666666667
0 0.087890625 0.6447916666666667 0.06796875000000001 0.09166666666666666
0 0.1421875 0.6229166666666667 0.059375000000000004 0.08333333333333333
0 0.21992187500000002 0.2505208333333333 0.04609375 0.057291666666666664
0 0.019140625 0.3026041666666667 0.03359375 0.096875
0 0.105859375 0.071875 0.06640625 0.08958333333333333
0 0.444140625 0.6 0.07109375 0.06875
0 0.205078125 0.6901041666666666 0.02109375 0.02395833333333333
