0 0.156640625 0.4869791666666667 0.06796875000000001 0.096875
0 0.22734375 0.4203125 0.07968750000000001 0.11562499999999999
0 0.284765625 0.3927083333333333 0.07109375 0.1
0 0.209765625 0.6255208333333333 0.06796875000000001 0.09479166666666666
0 0.078125 0.6359375 0.07968750000000001 0.096875
0 0.019921875000000002 0.5776041666666667 0.03828125 0.10104166666666667
0 0.032031250000000004 0.7692708333333333 0.0578125 0.059375
0 0.447265625 0.5854166666666667 0.047656250000000004 0.07083333333333333
0 0.562109375 0.4161458333333333 0.08828125 0.121875
0 0.645703125 0.5578125 0.08203125 0.121875
0 0.7117187500000001 0.5526041666666667 0.078125 0.10729166666666666
0 0.8308593750000001 0.5192708333333333 0.07578125000000001 0.09479166666666666
0 0.864453125 0.6114583333333333 0.06953125 0.08958333333333333
0 0.97265625 0.6364583333333333 0.0546875 0.12291666666666666
0 0.91953125 0.7104166666666667 0.07500000000000001 0.10208333333333333
0 0.925390625 0.6317708333333333 0.06328125 0.09895833333333333
0 0.87109375 0.8697916666666666 0.0734375 0.10208333333333333
0 0.731640625 0.8614583333333333 0.07421875 0.1
0 0.49726562500000004 0.953125 0.05390625 0.058333333333333334
0 0.525390625 0.8697916666666666 0.047656250000000004 0.05
0 0.7015625000000001 0.03958333333333333 0.07968750000000001 0.07708333333333334
