0 0.23359375000000002 0.2859375 0.096875 0.146875
0 0.339453125 0.2578125 0.11328125 0.14270833333333333
0 0.30000000000000004 0.3578125 0.0859375 0.06145833333333333
0 0.341796875 0.41562499999999997 0.08984375 0.12083333333333333
0 0.30585937500000004 0.5145833333333333 0.09921875000000001 0.10833333333333334
0 0.17148437500000002 0.4005208333333333 0.08046875 0.11979166666666667
0 0.087890625 0.44479166666666664 0.07578125000000001 0.11666666666666667
0 0.521875 0.6171875 0.0421875 0.05520833333333333
0 0.706640625 0.7125 0.07578125000000001 0.11458333333333333
0 0.833203125 0.6161458333333333 0.08203125 0.12395833333333334
0 0.7058593750000001 0.16927083333333334 0.039843750000000004 0.06145833333333333
0 0.916015625 0.041666666666666664 0.09765625 0.08125
0 0.57421875 0.028125 0.084375 0.05416666666666667
0 0.19257812500000002 0.10364583333333333 0.07890625000000001 0.14479166666666665
0 0.0578125 0.0734375 0.034375 0.051041666666666666
0 0.01953125 0.11666666666666667 0.034375 0.04791666666666666
0 0.078515625 0.20416666666666666 0.03828125 0.041666666666666664
0 0.049609375000000004 0.175 0.03828125 0.05625
0 0.57265625 0.4427083333333333 0.040625 0.052083333333333336
0 0.476171875 0.5135416666666667 0.08828125 0.11041666666666666
0 0.46523437500000003 0.2515625 0.01953125 0.034375
0 0.508203125 0.22708333333333333 0.02421875 0.03125
0 0.48476562500000003 0.24114583333333334 0.02734375 0.036458333333333336
0 0.45390625 0.109375 0.0234375 0.025
0 0.8679687500000001 0.7760416666666666 0.084375 0.12291666666666666
0 0.944921875 0.7864583333333334 0.08671875000000001 0.11666666666666667
0 0.9125000000000001 0.8671875 0.0765625 0.09479166666666666
0 0.784765625 0.8442708333333333 0.041406250000000006 0.051041666666666666
0 0.710546875 0.8395833333333333 0.07890625000000001 0.10208333333333333
