0 0.16132812500000002 0.0609375 0.10078125 0.11562499999999999
0 0.156640625 0.3520833333333333 0.10859375 0.16041666666666665
0 0.048828125 0.334375 0.09609375 0.13958333333333334
0 0.30546875 0.7494791666666667 0.1203125 0.14270833333333333
0 0.190234375 0.746875 0.10546875 0.11041666666666666
0 0.594140625 0.771875 0.09609375 0.15
0 0.689453125 0.8171875 0.08984375 0.12604166666666666
0 0.8988281250000001 0.6223958333333334 0.09921875000000001 0.121875
0 0.95859375 0.7416666666666667 0.08281250000000001 0.12291666666666666
0 0.6640625 0.9020833333333333 0.0546875 0.052083333333333336
0 0.5535156250000001 0.9640624999999999 0.047656250000000004 0.051041666666666666
0 0.48828125 0.965625 0.0484375 0.05625
0 0.3515625 0.6192708333333333 0.06875 0.07395833333333333
0 0.2484375 0.24114583333333334 0.040625 0.042708333333333334
0 0.552734375 0.08125 0.10234375000000001 0.10416666666666667
0 0.7449218750000001 0.08020833333333333 0.08828125 0.12083333333333333
0 0.83984375 0.12604166666666666 0.1 0.14791666666666667
0 0.252734375 0.28854166666666664 0.03828125 0.0375
