0 0.18984375 0.10364583333333333 0.035937500000000004 0.051041666666666666
0 0.22109375 0.03229166666666666 0.037500000000000006 0.041666666666666664
0 0.19375 0.04635416666666667 0.026562500000000003 0.036458333333333336
0 0.144921875 0.340625 0.05078125 0.07708333333333334
0 0.055859375 0.5166666666666666 0.06640625 0.07083333333333333
0 0.14960937500000002 0.6041666666666666 0.07734375 0.10416666666666667
0 0.18359375 0.7703125 0.03125 0.053125
0 0.14296875 0.7479166666666667 0.037500000000000006 0.05416666666666667
0 0.091015625 0.9604166666666667 0.06015625 0.07291666666666667
0 0.23515625 0.9635416666666666 0.0671875 0.07291666666666667
0 0.4453125 0.7505208333333333 0.0703125 0.078125
0 0.567578125 0.6234375 0.08046875 0.103125
0 0.7210937500000001 0.5348958333333333 0.0703125 0.09895833333333333
0 0.7972656250000001 0.5348958333333333 0.07734375 0.10520833333333333
0 0.8835937500000001 0.6151041666666667 0.0671875 0.09895833333333333
0 0.814453125 0.6666666666666666 0.06640625 0.09375
0 0.8757812500000001 0.171875 0.0734375 0.10833333333333334
0 0.46875 0.5604166666666667 0.0703125 0.09583333333333333
0 0.186328125 0.4265625 0.055468750000000004 0.084375
0 0.240234375 0.1171875 0.03515625 0.051041666666666666
0 0.366796875 0.09375 0.03359375 0.04375
0 0.2765625 0.11041666666666666 0.0390625 0.041666666666666664
