0 0.25429687500000003 0.2328125 0.03828125 0.046875
0 0.27734375 0.20416666666666666 0.040625 0.04791666666666666
0 0.452734375 0.1359375 0.02734375 0.03854166666666667
0 0.673828125 0.271875 0.06796875000000001 0.10416666666666667
0 0.625 0.2703125 0.0484375 0.090625
0 0.6703125000000001 0.5640625 0.07500000000000001 0.10729166666666666
0 0.78515625 0.6291666666666667 0.0671875 0.0875
0 0.7273437500000001 0.084375 0.09062500000000001 0.1125
0 0.8519531250000001 0.7401041666666667 0.039843750000000004 0.059375
0 0.27773437500000003 0.6052083333333333 0.06796875000000001 0.10208333333333333
