0 0.032421875 0.39427083333333335 0.06328125 0.08229166666666667
0 0.1953125 0.0375 0.08750000000000001 0.07291666666666667
0 0.21171875 0.44635416666666666 0.0734375 0.10104166666666667
0 0.2421875 0.5223958333333333 0.07968750000000001 0.09895833333333333
0 0.32734375000000004 0.4348958333333333 0.08281250000000001 0.11770833333333333
0 0.48515625 0.45729166666666665 0.08750000000000001 0.10625
0 0.5476562500000001 0.4713541666666667 0.08125 0.11770833333333333
0 0.7332031250000001 0.34322916666666664 0.05390625 0.08020833333333333
0 0.7429687500000001 0.10677083333333333 0.08750000000000001 0.10104166666666667
0 0.57265625 0.03125 0.09531250000000001 0.06041666666666667
0 0.9011718750000001 0.23854166666666665 0.07578125000000001 0.10833333333333334
0 0.95078125 0.5052083333333334 0.0765625 0.10833333333333334
0 0.562109375 0.6411458333333333 0.07265625 0.10104166666666667
0 0.6781250000000001 0.8541666666666666 0.0859375 0.10625
0 0.536328125 0.934375 0.07421875 0.08125
0 0.17109375000000002 0.9708333333333333 0.065625 0.058333333333333334
0 0.884765625 0.5765625 0.03515625 0.04479166666666667
0 0.91171875 0.596875 0.029687500000000002 0.03333333333333333
0 0.792578125 0.44635416666666666 0.022656250000000003 0.03229166666666666
0 0.743359375 0.44635416666666666 0.02734375 0.030208333333333334
0 0.8148437500000001 0.3421875 0.06406250000000001 0.078125
