0 0.41875 0.22135416666666666 0.084375 0.121875
0 0.48554687500000004 0.17395833333333333 0.08359375000000001 0.11041666666666666
0 0.593359375 0.090625 0.08984375 0.12708333333333333
0 0.740234375 0.04479166666666667 0.08671875000000001 0.0875
0 0.77109375 0.28489583333333335 0.060937500000000006 0.059375
0 0.9167968750000001 0.259375 0.03828125 0.0625
0 0.73828125 0.6833333333333333 0.078125 0.08958333333333333
0 0.596875 0.7416666666666667 0.065625 0.09166666666666666
0 0.47773437500000004 0.6755208333333333 0.07421875 0.084375
0 0.666015625 0.6630208333333333 0.07421875 0.103125
0 0.41835937500000003 0.8104166666666667 0.07578125000000001 0.11041666666666666
0 0.37148437500000003 0.8 0.06171875 0.10416666666666667
0 0.20625000000000002 0.6859375 0.09062500000000001 0.11979166666666667
0 0.2671875 0.7427083333333333 0.06875 0.08333333333333333
0 0.565625 0.3098958333333333 0.040625 0.057291666666666664
0 0.60078125 0.303125 0.0328125 0.04791666666666666
0 0.38515625000000003 0.47812499999999997 0.0328125 0.052083333333333336
0 0.36367187500000003 0.9552083333333333 0.049218750000000006 0.058333333333333334
0 0.6062500000000001 0.9505208333333334 0.045312500000000006 0.05520833333333333
0 0.70703125 0.95 0.026562500000000003 0.0375
0 0.187890625 0.4192708333333333 0.02890625 0.03229166666666666
0 0.3140625 0.08385416666666666 0.0703125 0.09895833333333333
