0 0.111328125 0.22083333333333333 0.03515625 0.05625
0 0.14765625000000002 0.209375 0.0390625 0.052083333333333336
0 0.08828125 0.058854166666666666 0.034375 0.046875
0 0.26601562500000003 0.14270833333333333 0.03671875 0.06041666666666667
0 0.153125 0.2859375 0.0390625 0.053125
0 0.08085937500000001 0.5786458333333333 0.07265625 0.09895833333333333
0 0.15976562500000002 0.5760416666666667 0.08046875 0.09583333333333333
0 0.20273437500000002 0.6328125 0.04296875 0.046875
0 0.15546875000000002 0.696875 0.08125 0.09583333333333333
0 0.171875 0.8458333333333333 0.043750000000000004 0.052083333333333336
0 0.106640625 0.9005208333333333 0.05859375 0.071875
0 0.48203125 0.8447916666666666 0.037500000000000006 0.0625
0 0.52109375 0.8546874999999999 0.0390625 0.051041666666666666
0 0.607421875 0.8666666666666667 0.04296875 0.05
0 0.63828125 0.7786458333333334 0.045312500000000006 0.04895833333333333
0 0.665625 0.6791666666666667 0.040625 0.052083333333333336
0 0.761328125 0.5005208333333333 0.06328125 0.11354166666666667
0 0.8921875 0.3859375 0.0734375 0.11354166666666667
0 0.48945312500000004 0.5713541666666666 0.04453125 0.053125
0 0.33242187500000003 0.6020833333333333 0.07265625 0.10625
0 0.26171875 0.6057291666666667 0.0734375 0.11145833333333333
0 0.443359375 0.19270833333333334 0.04609375 0.04375
0 0.34687500000000004 0.09583333333333333 0.0421875 0.052083333333333336
