0 0.37265625 0.09739583333333333 0.084375 0.11354166666666667
0 0.30781250000000004 0.11822916666666666 0.06406250000000001 0.09895833333333333
0 0.536328125 0.05572916666666666 0.09765625 0.109375
0 0.6101562500000001 0.04739583333333333 0.0734375 0.09270833333333334
0 0.5078125 0.3375 0.08125 0.0875
0 0.484375 0.45468749999999997 0.078125 0.11145833333333333
0 0.564453125 0.7244791666666667 0.08359375000000001 0.096875
0 0.7269531250000001 0.7067708333333333 0.06953125 0.10520833333333333
0 0.7894531250000001 0.7776041666666667 0.07265625 0.09270833333333334
0 0.8562500000000001 0.675 0.08125 0.12291666666666666
0 0.16523437500000002 0.7052083333333333 0.07578125000000001 0.08541666666666667
0 0.039843750000000004 0.5583333333333333 0.07500000000000001 0.10208333333333333
0 0.2546875 0.421875 0.08125 0.10416666666666667
0 0.29609375 0.9447916666666667 0.0765625 0.08958333333333333
