0 0.2265625 0.4588541666666667 0.045312500000000006 0.04895833333333333
0 0.186328125 0.4401041666666667 0.03515625 0.05520833333333333
0 0.2484375 0.34375 0.0484375 0.05
0 0.5765625 0.2140625 0.043750000000000004 0.05520833333333333
0 0.460546875 0.07552083333333333 0.09140625000000001 0.11770833333333333
0 0.39179687500000004 0.0359375 0.08671875000000001 0.06979166666666667
0 0.373046875 0.16302083333333334 0.09140625000000001 0.11562499999999999
0 0.323828125 0.5484375 0.09453125000000001 0.12604166666666666
0 0.3796875 0.7328125 0.0921875 0.11979166666666667
0 0.61640625 0.6515625 0.0703125 0.103125
0 0.68671875 0.6598958333333333 0.0703125 0.078125
0 0.7585937500000001 0.5395833333333333 0.051562500000000004 0.07291666666666667
0 0.809765625 0.5625 0.03828125 0.06041666666666667
0 0.444921875 0.7901041666666666 0.06640625 0.09270833333333334
