0 0.211328125 0.2552083333333333 0.10546875 0.13541666666666666
0 0.117578125 0.28854166666666664 0.09140625000000001 0.13541666666666666
0 0.1875 0.515625 0.1 0.11875
0 0.220703125 0.4 0.10234375000000001 0.11666666666666667
0 0.708984375 0.6145833333333334 0.08671875000000001 0.11458333333333333
0 0.59609375 0.7135416666666666 0.09375 0.12291666666666666
0 0.54453125 0.7421875 0.07500000000000001 0.128125
0 0.607421875 0.840625 0.07890625000000001 0.1
0 0.7527343750000001 0.7755208333333333 0.08046875 0.11770833333333333
0 0.8343750000000001 0.7864583333333334 0.08750000000000001 0.10833333333333334
0 0.91171875 0.5666666666666667 0.0765625 0.13333333333333333
0 0.855078125 0.4765625 0.08515625 0.11145833333333333
0 0.6984375 0.10416666666666667 0.035937500000000004 0.05625
0 0.6570312500000001 0.16302083333333334 0.0390625 0.04895833333333333
0 0.626953125 0.153125 0.032031250000000004 0.04375
