0 0.048828125 0.5223958333333333 0.06953125 0.084375
0 0.15000000000000002 0.5291666666666667 0.0734375 0.07708333333333334
0 0.29375 0.42604166666666665 0.05625 0.0625
0 0.259765625 0.6072916666666667 0.08828125 0.11041666666666666
0 0.5652343750000001 0.5661458333333333 0.07578125000000001 0.09895833333333333
0 0.669140625 0.6276041666666666 0.08203125 0.10729166666666666
0 0.8207031250000001 0.5411458333333333 0.07109375 0.096875
0 0.8859375 0.5375 0.0703125 0.09791666666666667
0 0.552734375 0.7567708333333333 0.06015625 0.08854166666666667
0 0.3328125 0.9734375 0.065625 0.053125
0 0.173828125 0.96875 0.06328125 0.05416666666666667
0 0.323046875 0.11770833333333333 0.03828125 0.05416666666666667
0 0.2859375 0.1203125 0.034375 0.051041666666666666
0 0.136328125 0.1390625 0.03671875 0.042708333333333334
0 0.23164062500000002 0.1046875 0.03671875 0.051041666666666666
0 0.262890625 0.035416666666666666 0.03515625 0.04791666666666666
0 0.41445312500000003 0.09479166666666666 0.03359375 0.04375
0 0.35781250000000003 0.14166666666666666 0.037500000000000006 0.04375
0 0.234765625 0.04583333333333333 0.030468750000000003 0.04375
