0 0.11093750000000001 0.4901041666666667 0.084375 0.11145833333333333
0 0.18203125 0.39375 0.09062500000000001 0.07083333333333333
0 0.35234375 0.10208333333333333 0.1015625 0.10625
0 0.51953125 0.5182291666666666 0.07968750000000001 0.10104166666666667
0 0.60859375 0.5328125 0.08750000000000001 0.121875
0 0.8070312500000001 0.43072916666666666 0.084375 0.10520833333333333
0 0.925390625 0.15104166666666666 0.055468750000000004 0.06041666666666667
0 0.9613281250000001 0.5078125 0.07734375 0.128125
0 0.62265625 0.96875 0.0921875 0.0625
0 0.8050781250000001 0.9562499999999999 0.07265625 0.0875
0 0.37109375 0.578125 0.0203125 0.022916666666666665
0 0.37421875000000004 0.603125 0.021875000000000002 0.022916666666666665
