0 0.211328125 0.18489583333333334 0.08046875 0.10520833333333333
0 0.098046875 0.0875 0.032031250000000004 0.04375
0 0.5359375000000001 0.09427083333333333 0.06875 0.09895833333333333
0 0.5875 0.10781249999999999 0.059375000000000004 0.084375
0 0.728515625 0.08333333333333333 0.08359375000000001 0.1125
0 0.58046875 0.033854166666666664 0.07500000000000001 0.04895833333333333
0 0.675 0.2739583333333333 0.078125 0.10416666666666667
0 0.628515625 0.26875 0.05234375 0.10625
0 0.876171875 0.16927083333333334 0.07109375 0.09479166666666666
0 0.987890625 0.15 0.02421875 0.08541666666666667
0 0.6687500000000001 0.5671875 0.0765625 0.11562499999999999
0 0.78046875 0.6348958333333333 0.06875 0.10104166666666667
0 0.744140625 0.6697916666666667 0.07109375 0.07916666666666666
0 0.853125 0.7432291666666666 0.045312500000000006 0.06145833333333333
0 0.980078125 0.7786458333333334 0.03515625 0.09479166666666666
0 0.943359375 0.5192708333333333 0.06328125 0.084375
0 0.8578125000000001 0.553125 0.045312500000000006 0.041666666666666664
0 0.284375 0.6057291666666667 0.08281250000000001 0.109375
0 0.059765625 0.6255208333333333 0.07890625000000001 0.09479166666666666
0 0.2546875 0.240625 0.040625 0.0625
0 0.27890625 0.2046875 0.0390625 0.05520833333333333
0 0.323046875 0.7729166666666667 0.022656250000000003 0.03125
0 0.35078125000000004 0.778125 0.021875000000000002 0.03333333333333333
0 0.53359375 0.8291666666666666 0.018750000000000003 0.022916666666666665
0 0.50625 0.8052083333333333 0.0203125 0.027083333333333334
0 0.53828125 0.8739583333333333 0.018750000000000003 0.03125
0 0.5328125 0.9411458333333333 0.018750000000000003 0.02395833333333333
0 0.52578125 0.8484375 0.0203125 0.02395833333333333
0 0.6136718750000001 0.6848958333333334 0.01953125 0.028125
0 0.58828125 0.6729166666666666 0.0171875 0.025
0 0.540234375 0.6802083333333333 0.017968750000000002 0.022916666666666665
0 0.35703125 0.8052083333333333 0.0140625 0.025
0 0.36445312500000004 0.8796875 0.01640625 0.026041666666666668
0 0.5710937500000001 0.3458333333333333 0.0234375 0.027083333333333334
0 0.38671875 0.22552083333333334 0.0234375 0.02395833333333333
0 0.33203125 0.24270833333333333 0.0203125 0.027083333333333334
0 0.35585937500000003 0.19114583333333332 0.01953125 0.02395833333333333
0 0.34140625 0.19895833333333332 0.0171875 0.025
0 0.40078125000000003 0.05416666666666667 0.0171875 0.025
0 0.45546875000000003 0.13072916666666667 0.021875000000000002 0.028125
0 0.2234375 0.28072916666666664 0.037500000000000006 0.053125
