0 0.11210937500000001 0.21302083333333333 0.041406250000000006 0.04895833333333333
0 0.06601562500000001 0.22135416666666666 0.03828125 0.05520833333333333
0 0.199609375 0.0265625 0.09609375 0.051041666666666666
0 0.34492187500000004 0.03333333333333333 0.08359375000000001 0.06458333333333333
0 0.585546875 0.18958333333333333 0.04453125 0.052083333333333336
0 0.5066406250000001 0.25729166666666664 0.047656250000000004 0.05
0 0.43671875000000004 0.5026041666666666 0.0859375 0.08854166666666667
0 0.311328125 0.6515625 0.07421875 0.103125
0 0.31171875000000004 0.4473958333333333 0.08750000000000001 0.12395833333333334
0 0.34687500000000004 0.5015625 0.08281250000000001 0.11354166666666667
0 0.16953125000000002 0.4161458333333333 0.078125 0.11562499999999999
0 0.053125000000000006 0.5572916666666666 0.08750000000000001 0.10416666666666667
0 0.11015625000000001 0.3854166666666667 0.07968750000000001 0.08125
0 0.504296875 0.5083333333333333 0.055468750000000004 0.08958333333333333
0 0.6003906250000001 0.5333333333333333 0.08515625 0.10416666666666667
0 0.6863281250000001 0.5682291666666667 0.09453125000000001 0.109375
0 0.955078125 0.35885416666666664 0.08984375 0.13229166666666667
0 0.7523437500000001 0.8041666666666667 0.08125 0.10208333333333333
0 0.5671875000000001 0.9708333333333333 0.0484375 0.05
0 0.30859375 0.20416666666666666 0.043750000000000004 0.05416666666666667
