0 0.555078125 0.26979166666666665 0.049218750000000006 0.0625
0 0.48164062500000004 0.04114583333333333 0.09453125000000001 0.08020833333333333
0 0.39687500000000003 0.035416666666666666 0.09062500000000001 0.06875
0 0.33515625000000004 0.17760416666666667 0.05 0.06145833333333333
0 0.28359375000000003 0.1828125 0.053125000000000006 0.05520833333333333
0 0.48085937500000003 0.3020833333333333 0.022656250000000003 0.03125
0 0.255078125 0.28802083333333334 0.032031250000000004 0.057291666666666664
0 0.40664062500000003 0.6588541666666666 0.08828125 0.11770833333333333
0 0.3015625 0.6828125 0.084375 0.11145833333333333
0 0.65 0.7026041666666667 0.09375 0.128125
0 0.787109375 0.7046875 0.09140625000000001 0.12395833333333334
0 0.827734375 0.5322916666666666 0.08203125 0.11041666666666666
0 0.718359375 0.21354166666666666 0.02421875 0.029166666666666667
0 0.70078125 0.22708333333333333 0.021875000000000002 0.03125
0 0.737890625 0.22864583333333333 0.01953125 0.028125
0 0.718359375 0.23958333333333334 0.01953125 0.025
0 0.543359375 0.7161458333333334 0.07578125000000001 0.11354166666666667
0 0.083984375 0.7515625 0.07734375 0.096875
0 0.980078125 0.5473958333333333 0.039843750000000004 0.12395833333333334
