0 0.184375 0.41562499999999997 0.051562500000000004 0.06041666666666667
0 0.14765625000000002 0.33541666666666664 0.051562500000000004 0.06875
0 0.18867187500000002 0.10260416666666666 0.039843750000000004 0.042708333333333334
0 0.223046875 0.03333333333333333 0.039843750000000004 0.04375
0 0.24179687500000002 0.11197916666666667 0.04296875 0.046875
0 0.316015625 0.14010416666666667 0.03671875 0.042708333333333334
0 0.3671875 0.0875 0.0390625 0.03958333333333333
0 0.8757812500000001 0.1734375 0.078125 0.11770833333333333
0 0.721875 0.5322916666666666 0.07500000000000001 0.10625
0 0.7976562500000001 0.5411458333333333 0.084375 0.11770833333333333
0 0.56171875 0.6197916666666666 0.0765625 0.10625
0 0.462890625 0.5604166666666667 0.06796875000000001 0.10208333333333333
0 0.44921875 0.7473958333333334 0.06406250000000001 0.090625
0 0.2328125 0.9625 0.06406250000000001 0.0625
0 0.07265625 0.9578125 0.07187500000000001 0.078125
0 0.148828125 0.596875 0.09140625000000001 0.1
