0 0.278125 0.12135416666666667 0.09843750000000001 0.11562499999999999
0 0.34218750000000003 0.10885416666666667 0.05 0.11145833333333333
0 0.219140625 0.42604166666666665 0.08671875000000001 0.11875
0 0.15859375 0.6088541666666667 0.09531250000000001 0.11562499999999999
0 0.3171875 0.6713541666666667 0.0921875 0.109375
0 0.739453125 0.6390625 0.09453125000000001 0.11770833333333333
0 0.86328125 0.3416666666666667 0.1 0.125
0 0.938671875 0.5229166666666667 0.08828125 0.11458333333333333
0 0.9128906250000001 0.23020833333333332 0.08046875 0.09166666666666666
0 0.6433593750000001 0.5515625 0.05078125 0.059375
