0 0.519140625 0.19010416666666666 0.07734375 0.09895833333333333
0 0.286328125 0.03177083333333333 0.07734375 0.06145833333333333
0 0.32070312500000003 0.5119791666666667 0.08515625 0.09479166666666666
0 0.504296875 0.5375 0.08046875 0.11041666666666666
0 0.503515625 0.6635416666666667 0.08359375000000001 0.12083333333333333
0 0.34492187500000004 0.6505208333333333 0.06171875 0.09479166666666666
0 0.30000000000000004 0.6848958333333334 0.07500000000000001 0.09479166666666666
0 0.12070312500000001 0.6765625 0.07421875 0.08854166666666667
0 0.1046875 0.8072916666666666 0.06875 0.0875
0 0.06953125 0.8854166666666666 0.0671875 0.08333333333333333
0 0.131640625 0.8796875 0.06953125 0.09270833333333334
0 0.61484375 0.7385416666666667 0.0765625 0.12291666666666666
0 0.669140625 0.5447916666666667 0.08046875 0.12291666666666666
0 0.609375 0.5041666666666667 0.065625 0.10208333333333333
0 0.9183593750000001 0.4109375 0.06953125 0.10729166666666666
0 0.9222656250000001 0.9255208333333333 0.07734375 0.096875
0 0.7601562500000001 0.6953125 0.07187500000000001 0.10520833333333333
0 0.685546875 0.7229166666666667 0.07109375 0.10833333333333334
0 0.5046875000000001 0.8151041666666666 0.06406250000000001 0.06770833333333333
0 0.8851562500000001 0.06458333333333333 0.08281250000000001 0.1
0 0.9453125 0.11041666666666666 0.065625 0.10416666666666667
0 0.45859375 0.022395833333333334 0.0421875 0.042708333333333334
0 0.35976562500000003 0.0390625 0.07890625000000001 0.07604166666666666
0 0.5921875 0.37083333333333335 0.0234375 0.029166666666666667
