0 0.294140625 0.06822916666666666 0.10546875 0.11770833333333333
0 0.47578125000000004 0.1703125 0.07968750000000001 0.10520833333333333
0 0.40742187500000004 0.1671875 0.07578125000000001 0.103125
0 0.19609375 0.6484375 0.09843750000000001 0.11979166666666667
0 0.194140625 0.7682291666666666 0.08203125 0.109375
0 0.11679687500000001 0.6864583333333333 0.09140625000000001 0.12083333333333333
0 0.330859375 0.9671875 0.06953125 0.065625
0 0.64609375 0.7489583333333333 0.09062500000000001 0.12083333333333333
0 0.7253906250000001 0.709375 0.08828125 0.11875
0 0.9578125000000001 0.7020833333333333 0.0734375 0.1
0 0.662109375 0.2859375 0.049218750000000006 0.06770833333333333
0 0.8671875 0.0296875 0.115625 0.057291666666666664
0 0.07695312500000001 0.10677083333333333 0.10390625 0.12604166666666666
