0 0.29726562500000003 0.146875 0.06953125 0.10416666666666667
0 0.253515625 0.29791666666666666 0.09609375 0.11875
0 0.24335937500000002 0.534375 0.10703125000000001 0.13125
0 0.18046875 0.6015625 0.08125 0.071875
0 0.18359375 0.684375 0.1046875 0.10833333333333334
0 0.03125 0.8802083333333334 0.060937500000000006 0.13333333333333333
0 0.358203125 0.6244791666666667 0.09140625000000001 0.12604166666666666
0 0.67109375 0.7036458333333333 0.096875 0.12604166666666666
0 0.6203125 0.8109375 0.1 0.11145833333333333
0 0.614453125 0.91875 0.09921875000000001 0.10625
0 0.83984375 0.6520833333333333 0.0890625 0.12708333333333333
0 0.9789062500000001 0.5776041666666667 0.0421875 0.10520833333333333
0 0.603125 0.47604166666666664 0.045312500000000006 0.0625
