0 0.2171875 0.11927083333333333 0.035937500000000004 0.046875
0 0.21406250000000002 0.16614583333333333 0.037500000000000006 0.04895833333333333
0 0.22812500000000002 0.36875 0.07968750000000001 0.10625
0 0.19921875 0.4734375 0.078125 0.09479166666666666
0 0.171875 0.5703125 0.07500000000000001 0.09479166666666666
0 0.284765625 0.5625 0.06953125 0.09583333333333333
0 0.257421875 0.7432291666666666 0.06796875000000001 0.08854166666666667
0 0.221484375 0.875 0.06796875000000001 0.09166666666666666
0 0.49296875 0.5484375 0.078125 0.109375
0 0.46953125 0.6109375 0.0734375 0.084375
0 0.5320312500000001 0.3645833333333333 0.08281250000000001 0.1
0 0.7722656250000001 0.41875 0.07578125000000001 0.11041666666666666
0 0.7820312500000001 0.4984375 0.078125 0.096875
0 0.9320312500000001 0.40520833333333334 0.08281250000000001 0.11041666666666666
0 0.9703125 0.4770833333333333 0.059375000000000004 0.08541666666666667
0 0.98203125 0.6208333333333333 0.035937500000000004 0.125
0 0.64765625 0.9640624999999999 0.0734375 0.071875
