0 0.22890625 0.19010416666666666 0.043750000000000004 0.065625
0 0.27187500000000003 0.20052083333333334 0.045312500000000006 0.057291666666666664
0 0.28164062500000003 0.2984375 0.04453125 0.04479166666666667
0 0.223046875 0.6119791666666666 0.06484375 0.096875
0 0.369140625 0.5354166666666667 0.03828125 0.08958333333333333
0 0.42304687500000004 0.6442708333333333 0.03828125 0.05520833333333333
0 0.425390625 0.6963541666666666 0.04609375 0.05520833333333333
0 0.30625 0.9416666666666667 0.078125 0.09791666666666667
0 0.6156250000000001 0.8848958333333333 0.06875 0.084375
0 0.8621093750000001 0.5416666666666666 0.07421875 0.09791666666666667
0 0.8890625000000001 0.43124999999999997 0.07500000000000001 0.10208333333333333
0 0.974609375 0.33489583333333334 0.05078125 0.11145833333333333
0 0.9714843750000001 0.5171875 0.057031250000000006 0.084375
0 0.9457031250000001 0.7041666666666666 0.06953125 0.08541666666666667
0 0.59609375 0.3953125 0.046875 0.046875
0 0.15585937500000002 0.1578125 0.041406250000000006 0.04479166666666667
0 0.44960937500000003 0.0453125 0.07578125000000001 0.08854166666666667
0 0.5859375 0.0921875 0.043750000000000004 0.057291666666666664
0 0.58046875 0.14270833333333333 0.0390625 0.04791666666666666
