0 0.39687500000000003 0.2546875 0.11406250000000001 0.13645833333333332
0 0.5320312500000001 0.0703125 0.11093750000000001 0.13229166666666667
0 0.47578125000000004 0.6197916666666666 0.0859375 0.10833333333333334
0 0.41132812500000004 0.7442708333333333 0.09453125000000001 0.11979166666666667
0 0.4140625 0.8645833333333334 0.08281250000000001 0.1
0 0.65234375 0.5791666666666666 0.045312500000000006 0.06041666666666667
0 0.8132812500000001 0.6817708333333333 0.0765625 0.103125
0 0.84765625 0.5447916666666667 0.065625 0.0875
0 0.91015625 0.8078124999999999 0.07500000000000001 0.11562499999999999
0 0.8363281250000001 0.7927083333333333 0.06796875000000001 0.09166666666666666
0 0.2734375 0.7515625 0.08750000000000001 0.12395833333333334
0 0.2234375 0.5880208333333333 0.07187500000000001 0.10729166666666666
0 0.15195312500000002 0.5817708333333333 0.09453125000000001 0.11770833333333333
0 0.7136718750000001 0.2713541666666667 0.047656250000000004 0.06979166666666667
0 0.7699218750000001 0.2661458333333333 0.05234375 0.05520833333333333
0 0.9187500000000001 0.5671875 0.06875 0.103125
