0 0.05234375 0.5192708333333333 0.0625 0.071875
0 0.148828125 0.6026041666666666 0.07890625000000001 0.09895833333333333
0 0.18710937500000002 0.42083333333333334 0.06328125 0.06875
0 0.14296875 0.33697916666666666 0.0546875 0.07604166666666666
0 0.18867187500000002 0.10104166666666667 0.04296875 0.041666666666666664
0 0.18359375 0.7666666666666666 0.0328125 0.04791666666666666
0 0.220703125 0.603125 0.057031250000000006 0.06458333333333333
0 0.467578125 0.5619791666666667 0.06484375 0.09270833333333334
0 0.56484375 0.6208333333333333 0.08281250000000001 0.11458333333333333
0 0.723828125 0.534375 0.06953125 0.1
0 0.794140625 0.5359375 0.08046875 0.11145833333333333
0 0.8777343750000001 0.6145833333333334 0.07109375 0.1
0 0.81640625 0.6661458333333333 0.06875 0.09270833333333334
0 0.87421875 0.17395833333333333 0.0734375 0.10833333333333334
0 0.8753906250000001 0.34739583333333335 0.07109375 0.09895833333333333
0 0.23671875 0.9635416666666666 0.0671875 0.06666666666666667
0 0.08867187500000001 0.9630208333333333 0.06015625 0.07395833333333333
0 0.2421875 0.11562499999999999 0.035937500000000004 0.05625
0 0.276953125 0.1140625 0.03671875 0.04895833333333333
0 0.31367187500000004 0.1390625 0.03515625 0.03854166666666667
0 0.3671875 0.09166666666666666 0.034375 0.04375
0 0.22031250000000002 0.033854166666666664 0.035937500000000004 0.046875
0 0.19453125000000002 0.0453125 0.034375 0.042708333333333334
