0 0.039843750000000004 0.6171875 0.078125 0.10520833333333333
0 0.065234375 0.48333333333333334 0.09140625000000001 0.10833333333333334
0 0.30000000000000004 0.36822916666666666 0.0890625 0.12604166666666666
0 0.226953125 0.36875 0.07265625 0.12708333333333333
0 0.4734375 0.0625 0.125 0.12291666666666666
0 0.41445312500000003 0.728125 0.10078125 0.13958333333333334
0 0.75546875 0.8713541666666667 0.11406250000000001 0.14895833333333333
0 0.878515625 0.6609375 0.08515625 0.11979166666666667
0 0.8347656250000001 0.5859375 0.09140625000000001 0.11354166666666667
0 0.955078125 0.6088541666666667 0.07734375 0.11979166666666667
0 0.8992187500000001 0.5 0.1015625 0.10833333333333334
0 0.9285156250000001 0.2755208333333333 0.08515625 0.10520833333333333
0 0.8558593750000001 0.19010416666666666 0.08671875000000001 0.128125
0 0.56953125 0.6588541666666666 0.059375000000000004 0.08020833333333333
