0 0.32070312500000003 0.5130208333333334 0.07734375 0.10104166666666667
0 0.51875 0.18958333333333333 0.078125 0.09166666666666666
0 0.505859375 0.54375 0.07734375 0.11041666666666666
0 0.6097656250000001 0.5072916666666667 0.06328125 0.10625
0 0.66953125 0.5484375 0.07500000000000001 0.121875
0 0.68671875 0.7229166666666667 0.078125 0.10416666666666667
0 0.758984375 0.6994791666666667 0.07578125000000001 0.11145833333333333
0 0.503515625 0.6572916666666666 0.08203125 0.10625
0 0.34609375000000003 0.6505208333333333 0.06406250000000001 0.08854166666666667
0 0.30195312500000004 0.6791666666666667 0.07421875 0.08958333333333333
0 0.119140625 0.6723958333333333 0.08046875 0.084375
0 0.13125 0.8781249999999999 0.065625 0.07708333333333334
0 0.110546875 0.8109375 0.06640625 0.08645833333333333
0 0.79609375 0.05416666666666667 0.084375 0.10625
0 0.917578125 0.40989583333333335 0.06796875000000001 0.10104166666666667
