0 0.30117187500000003 0.1875 0.03671875 0.05
0 0.578125 0.15364583333333334 0.08750000000000001 0.10729166666666666
0 0.6156250000000001 0.2140625 0.084375 0.096875
0 0.3875 0.43645833333333334 0.053125000000000006 0.05625
0 0.20820312500000002 0.5135416666666667 0.08046875 0.1
0 0.24570312500000002 0.6052083333333333 0.08203125 0.10208333333333333
0 0.546875 0.5848958333333333 0.09062500000000001 0.109375
0 0.34101562500000004 0.19791666666666666 0.04296875 0.052083333333333336
0 0.39570312500000004 0.13333333333333333 0.05234375 0.06458333333333333
0 0.6179687500000001 0.026041666666666668 0.109375 0.05
0 0.6824218750000001 0.1203125 0.07265625 0.09479166666666666
0 0.178125 0.8276041666666667 0.078125 0.10520833333333333
0 0.2265625 0.7416666666666667 0.06875 0.09375
0 0.24921875000000002 0.9588541666666667 0.0859375 0.06354166666666666
0 0.34882812500000004 0.8802083333333334 0.04609375 0.06666666666666667
0 0.48046875 0.9052083333333333 0.0859375 0.09166666666666666
0 0.59375 0.7760416666666666 0.0859375 0.09583333333333333
0 0.70703125 0.6958333333333333 0.0921875 0.11875
0 0.749609375 0.7838541666666666 0.07734375 0.10104166666666667
0 0.40859375000000003 0.503125 0.045312500000000006 0.052083333333333336
0 0.044140625 0.6484375 0.06171875 0.08645833333333333
0 0.73359375 0.46979166666666666 0.0421875 0.06041666666666667
