0 0.178125 0.3416666666666667 0.1203125 0.175
0 0.30000000000000004 0.3645833333333333 0.12187500000000001 0.18541666666666667
0 0.491796875 0.3078125 0.06640625 0.06145833333333333
0 0.520703125 0.278125 0.05859375 0.06041666666666667
0 0.6742187500000001 0.0734375 0.1015625 0.134375
0 0.7527343750000001 0.05625 0.08046875 0.11041666666666666
0 0.875 0.096875 0.08281250000000001 0.12916666666666665
0 0.953125 0.13958333333333334 0.08281250000000001 0.16458333333333333
0 0.73359375 0.7713541666666667 0.096875 0.14895833333333333
0 0.821875 0.8151041666666666 0.08125 0.14479166666666665
0 0.439453125 0.759375 0.12265625000000001 0.14375
0 0.31953125000000004 0.75625 0.10625000000000001 0.13541666666666666
0 0.073046875 0.7145833333333333 0.10390625 0.12291666666666666
0 0.065625 0.5786458333333333 0.1 0.12604166666666666
0 0.153125 0.4635416666666667 0.08125 0.1125
0 0.038671875 0.24635416666666665 0.03515625 0.04895833333333333
0 0.025 0.09791666666666667 0.034375 0.05
0 0.015234375000000001 0.35052083333333334 0.02890625 0.051041666666666666
0 0.468359375 0.3859375 0.02109375 0.036458333333333336
0 0.6136718750000001 0.9697916666666666 0.049218750000000006 0.05
0 0.060937500000000006 0.975 0.07500000000000001 0.04583333333333333
0 0.47734375 0.6421875 0.1015625 0.11979166666666667
0 0.298828125 0.05677083333333333 0.09609375 0.11145833333333333
0 0.23359375000000002 0.04114583333333333 0.035937500000000004 0.05520833333333333
