0 0.058203125 0.22760416666666666 0.10390625 0.15729166666666666
0 0.466796875 0.08854166666666667 0.09140625000000001 0.12708333333333333
0 0.5140625 0.11614583333333334 0.084375 0.11770833333333333
0 0.73828125 0.06145833333333333 0.09843750000000001 0.12083333333333333
0 0.6707031250000001 0.08802083333333333 0.07734375 0.10520833333333333
0 0.8578125000000001 0.19791666666666666 0.1046875 0.12291666666666666
0 0.8500000000000001 0.28020833333333334 0.0765625 0.07916666666666666
0 0.8382812500000001 0.3265625 0.09375 0.096875
0 0.5703125 0.7 0.10312500000000001 0.12708333333333333
0 0.467578125 0.6802083333333333 0.08359375000000001 0.10625
0 0.483203125 0.9635416666666666 0.08359375000000001 0.06666666666666667
0 0.5578125 0.9640624999999999 0.08281250000000001 0.065625
0 0.9164062500000001 0.8125 0.0703125 0.08125
0 0.08867187500000001 0.7026041666666667 0.07578125000000001 0.08645833333333333
0 0.26953125 0.8156249999999999 0.021875000000000002 0.029166666666666667
