0 0.22031250000000002 0.38645833333333335 0.1046875 0.1375
0 0.4109375 0.5859375 0.09531250000000001 0.13229166666666667
0 0.5027343750000001 0.5494791666666666 0.09765625 0.11562499999999999
0 0.775390625 0.46822916666666664 0.08203125 0.121875
0 0.6390625000000001 0.5395833333333333 0.09062500000000001 0.11041666666666666
0 0.622265625 0.6578125 0.08203125 0.109375
0 0.546875 0.6802083333333333 0.08125 0.11875
0 0.696484375 0.225 0.049218750000000006 0.058333333333333334
0 0.8035156250000001 0.0515625 0.09296875 0.10104166666666667
0 0.376953125 0.09895833333333333 0.07734375 0.10625
0 0.8558593750000001 0.7546875 0.07109375 0.10520833333333333
0 0.536328125 0.8536458333333333 0.07734375 0.08645833333333333
0 0.546484375 0.9427083333333334 0.07109375 0.07708333333333334
0 0.48125 0.96875 0.060937500000000006 0.05625
0 0.37148437500000003 0.9296875 0.07734375 0.08854166666666667
0 0.137109375 0.8140625 0.07109375 0.08854166666666667
0 0.5183593750000001 0.16197916666666667 0.04296875 0.042708333333333334
0 0.782421875 0.21458333333333332 0.04296875 0.058333333333333334
0 0.70078125 0.15625 0.040625 0.041666666666666664
0 0.720703125 0.6416666666666666 0.047656250000000004 0.0875
