0 0.205859375 0.3375 0.11953125 0.16875
0 0.322265625 0.3567708333333333 0.11484375000000001 0.178125
0 0.31796875 0.049479166666666664 0.1125 0.096875
0 0.8949218750000001 0.0921875 0.08203125 0.11979166666666667
0 0.96640625 0.11510416666666666 0.060937500000000006 0.13645833333333332
0 0.7585937500000001 0.7739583333333333 0.0890625 0.15625
0 0.843359375 0.81875 0.08515625 0.13125
0 0.7308593750000001 0.9057291666666667 0.05078125 0.06770833333333333
0 0.468359375 0.7614583333333333 0.12578125 0.15625
0 0.340625 0.759375 0.1 0.13125
0 0.086328125 0.5791666666666666 0.09609375 0.11875
0 0.08359375000000001 0.7182291666666667 0.1046875 0.134375
0 0.17265625 0.45677083333333335 0.0703125 0.090625
0 0.022265625 0.23906249999999998 0.03515625 0.051041666666666666
0 0.035937500000000004 0.09583333333333333 0.0328125 0.05625
0 0.53125 0.27239583333333334 0.059375000000000004 0.07604166666666666
0 0.47304687500000003 0.38958333333333334 0.02890625 0.041666666666666664
0 0.624609375 0.9703125 0.047656250000000004 0.051041666666666666
0 0.696484375 0.07395833333333333 0.10078125 0.12708333333333333
0 0.7058593750000001 0.16041666666666665 0.04296875 0.052083333333333336
