0 0.25 0.09635416666666667 0.07968750000000001 0.121875
0 0.19140625 0.1109375 0.06406250000000001 0.09895833333333333
0 0.11171875 0.08802083333333333 0.08125 0.09479166666666666
0 0.400390625 0.052083333333333336 0.09609375 0.10208333333333333
0 0.471484375 0.04739583333333333 0.07734375 0.09270833333333334
0 0.525 0.2791666666666667 0.0390625 0.05416666666666667
0 0.6136718750000001 0.2552083333333333 0.04609375 0.05416666666666667
0 0.274609375 0.16197916666666667 0.07578125000000001 0.08854166666666667
0 0.377734375 0.3328125 0.08671875000000001 0.09270833333333334
0 0.220703125 0.35833333333333334 0.06796875000000001 0.07916666666666666
0 0.139453125 0.4166666666666667 0.06953125 0.1
0 0.061328125000000004 0.7 0.07890625000000001 0.09791666666666667
0 0.018359375 0.7260416666666667 0.03515625 0.09166666666666666
0 0.190234375 0.9333333333333333 0.08359375000000001 0.1125
0 0.436328125 0.7213541666666666 0.08671875000000001 0.11979166666666667
0 0.34492187500000004 0.7484375 0.04609375 0.08229166666666667
0 0.35546875 0.4505208333333333 0.084375 0.11354166666666667
0 0.8875000000000001 0.18645833333333334 0.09062500000000001 0.12916666666666665
0 0.8089843750000001 0.1703125 0.08359375000000001 0.11770833333333333
0 0.95859375 0.08177083333333333 0.078125 0.12604166666666666
0 0.942578125 0.6572916666666666 0.08515625 0.12708333333333333
0 0.8734375000000001 0.659375 0.065625 0.11666666666666667
0 0.740234375 0.6739583333333333 0.07890625000000001 0.11875
0 0.876953125 0.8348958333333333 0.07578125000000001 0.11145833333333333
0 0.9234375 0.7619791666666667 0.06875 0.08229166666666667
0 0.76328125 0.8671875 0.065625 0.090625
0 0.5417968750000001 0.7171875 0.08359375000000001 0.09479166666666666
0 0.48125 0.5052083333333334 0.0921875 0.06666666666666667
