0 0.078125 0.49374999999999997 0.09843750000000001 0.11875
0 0.41953125 0.6114583333333333 0.1125 0.13958333333333334
0 0.710546875 0.6098958333333333 0.08671875000000001 0.11979166666666667
0 0.755859375 0.5041666666666667 0.10078125 0.14583333333333334
0 0.8699218750000001 0.48125 0.09609375 0.13333333333333333
0 0.8796875000000001 0.5875 0.0890625 0.11666666666666667
0 0.938671875 0.4817708333333333 0.08359375000000001 0.11562499999999999
0 0.9441406250000001 0.3609375 0.08203125 0.10729166666666666
0 0.726171875 0.159375 0.04296875 0.05416666666666667
0 0.11015625000000001 0.13697916666666665 0.084375 0.10729166666666666
0 0.15195312500000002 0.8354166666666667 0.07421875 0.07708333333333334
0 0.53671875 0.5473958333333333 0.053125000000000006 0.06145833333333333
0 0.58203125 0.4739583333333333 0.0765625 0.06458333333333333
