0 0.21406250000000002 0.6682291666666667 0.065625 0.08020833333333333
0 0.598828125 0.7442708333333333 0.07265625 0.103125
0 0.7375 0.6807291666666666 0.078125 0.08020833333333333
0 0.6722656250000001 0.671875 0.06484375 0.07916666666666666
0 0.56484375 0.3067708333333333 0.046875 0.04895833333333333
0 0.5953125 0.08697916666666666 0.08750000000000001 0.12395833333333334
0 0.73359375 0.0421875 0.1 0.08229166666666667
0 0.48359375000000004 0.17760416666666667 0.08281250000000001 0.11354166666666667
0 0.41953125 0.22343749999999998 0.08750000000000001 0.121875
0 0.421484375 0.8125 0.07890625000000001 0.10208333333333333
0 0.37265625 0.7947916666666667 0.05625 0.10416666666666667
0 0.366796875 0.9546875 0.06328125 0.071875
0 0.6550781250000001 0.5692708333333333 0.049218750000000006 0.05520833333333333
