0 0.1125 0.5817708333333333 0.084375 0.12604166666666666
0 0.19140625 0.6 0.0703125 0.10208333333333333
0 0.287109375 0.5791666666666666 0.07578125000000001 0.09791666666666667
0 0.4625 0.5322916666666666 0.09531250000000001 0.11666666666666667
0 0.54296875 0.4869791666666667 0.08750000000000001 0.121875
0 0.5398437500000001 0.5682291666666667 0.0421875 0.059375
0 0.680859375 0.39947916666666666 0.07109375 0.10729166666666666
0 0.782421875 0.3578125 0.08984375 0.128125
0 0.912109375 0.24687499999999998 0.09609375 0.13125
0 0.9792968750000001 0.23385416666666667 0.039843750000000004 0.13645833333333332
0 0.9296875 0.48072916666666665 0.08750000000000001 0.11562499999999999
0 0.9363281250000001 0.5625 0.04296875 0.052083333333333336
0 0.7253906250000001 0.6484375 0.08046875 0.109375
0 0.7609375 0.4901041666666667 0.051562500000000004 0.07395833333333333
0 0.62421875 0.6140625 0.078125 0.09270833333333334
0 0.657421875 0.7770833333333333 0.055468750000000004 0.058333333333333334
0 0.43789062500000003 0.5989583333333334 0.041406250000000006 0.04791666666666666
0 0.43085937500000004 0.4125 0.030468750000000003 0.04791666666666666
0 0.34492187500000004 0.40625 0.03671875 0.05
0 0.37617187500000004 0.38958333333333334 0.03515625 0.03958333333333333
0 0.312109375 0.39947916666666666 0.03515625 0.04479166666666667
0 0.33515625000000004 0.03177083333333333 0.046875 0.05520833333333333
0 0.2984375 0.06770833333333333 0.03125 0.05
0 0.186328125 0.1953125 0.04609375 0.06979166666666667
0 0.225390625 0.2 0.02890625 0.058333333333333334
0 0.2703125 0.6989583333333333 0.06875 0.09583333333333333
0 0.30195312500000004 0.7484375 0.07421875 0.10104166666666667
0 0.22617187500000002 0.7390625 0.07109375 0.10104166666666667
0 0.09843750000000001 0.9718749999999999 0.07500000000000001 0.05625
0 0.30312500000000003 0.9088541666666666 0.07968750000000001 0.09895833333333333
0 0.37539062500000003 0.9515625 0.08515625 0.08854166666666667
0 0.40937500000000004 0.921875 0.0703125 0.09791666666666667
0 0.681640625 0.01875 0.01953125 0.027083333333333334
0 0.622265625 0.23333333333333334 0.01953125 0.029166666666666667
0 0.655859375 0.1203125 0.02109375 0.028125
0 0.721875 0.06770833333333333 0.0171875 0.020833333333333332
0 0.32539062500000004 0.14114583333333333 0.03671875 0.040625
0 0.800390625 0.06041666666666667 0.030468750000000003 0.10833333333333334
0 0.778515625 0.075 0.06015625 0.11458333333333333
