0 0.2859375 0.2895833333333333 0.09375 0.13333333333333333
0 0.36835937500000004 0.2552083333333333 0.09140625000000001 0.11875
0 0.446875 0.09583333333333333 0.08281250000000001 0.10833333333333334
0 0.5398437500000001 0.09322916666666667 0.08281250000000001 0.10729166666666666
0 0.614453125 0.057812499999999996 0.09921875000000001 0.11354166666666667
0 0.697265625 0.057291666666666664 0.041406250000000006 0.058333333333333334
0 0.08984375 0.4510416666666667 0.08125 0.09375
0 0.201171875 0.6458333333333334 0.10390625 0.12291666666666666
0 0.08984375 0.6880208333333333 0.06406250000000001 0.128125
0 0.06601562500000001 0.8567708333333334 0.09453125000000001 0.11770833333333333
0 0.130859375 0.8489583333333334 0.09453125000000001 0.10833333333333334
0 0.27421875 0.8973958333333333 0.0921875 0.11145833333333333
0 0.32890625 0.7390625 0.1 0.121875
0 0.416796875 0.6625 0.08359375000000001 0.11666666666666667
0 0.5144531250000001 0.80625 0.08515625 0.12083333333333333
0 0.462890625 0.8145833333333333 0.07265625 0.125
0 0.409765625 0.73125 0.08203125 0.06458333333333333
0 0.5625 0.7765625 0.0671875 0.11354166666666667
0 0.64609375 0.7234375 0.0890625 0.10520833333333333
0 0.74921875 0.7932291666666667 0.0890625 0.11562499999999999
0 0.791015625 0.6984375 0.08359375000000001 0.11562499999999999
0 0.9085937500000001 0.7244791666666667 0.07968750000000001 0.11145833333333333
0 0.9476562500000001 0.5411458333333333 0.07968750000000001 0.10520833333333333
0 0.733984375 0.20885416666666667 0.04296875 0.06354166666666666
0 0.67890625 0.2296875 0.0421875 0.05520833333333333
0 0.888671875 0.2817708333333333 0.039843750000000004 0.057291666666666664
0 0.696484375 0.2989583333333333 0.04609375 0.05625
0 0.4609375 0.24895833333333334 0.0421875 0.05625
0 0.51015625 0.18697916666666667 0.040625 0.046875
0 0.5398437500000001 0.20677083333333332 0.0328125 0.046875
0 0.595703125 0.17708333333333334 0.04296875 0.05416666666666667
0 0.63671875 0.184375 0.0390625 0.0625
0 0.685546875 0.12395833333333334 0.039843750000000004 0.052083333333333336
0 0.7515625 0.13958333333333334 0.0234375 0.03125
0 0.8914062500000001 0.04114583333333333 0.029687500000000002 0.051041666666666666
0 0.405859375 0.34270833333333334 0.04296875 0.05
