0 0.102734375 0.38229166666666664 0.10234375000000001 0.12708333333333333
0 0.056640625 0.8057291666666666 0.07109375 0.08854166666666667
0 0.27890625 0.5734375 0.09375 0.121875
0 0.36953125000000003 0.5354166666666667 0.08750000000000001 0.11875
0 0.5144531250000001 0.5385416666666667 0.09140625000000001 0.11666666666666667
0 0.65 0.45677083333333335 0.08750000000000001 0.11354166666666667
0 0.898046875 0.4375 0.08671875000000001 0.12083333333333333
0 0.494140625 0.6494791666666666 0.08515625 0.10104166666666667
0 0.412890625 0.6598958333333333 0.07421875 0.11145833333333333
0 0.26992187500000003 0.9145833333333333 0.08046875 0.09791666666666667
0 0.437109375 0.8489583333333334 0.07421875 0.0875
0 0.4390625 0.9348958333333334 0.0703125 0.08854166666666667
0 0.38398437500000004 0.9630208333333333 0.06953125 0.07395833333333333
0 0.7406250000000001 0.7578125 0.07500000000000001 0.10520833333333333
0 0.81640625 0.7255208333333333 0.07968750000000001 0.11145833333333333
0 0.9535156250000001 0.703125 0.07890625000000001 0.11875
0 0.6046875 0.6375 0.07968750000000001 0.09166666666666666
0 0.49765625 0.125 0.09531250000000001 0.10208333333333333
0 0.6585937500000001 0.04635416666666667 0.109375 0.08645833333333333
0 0.423828125 0.05625 0.09765625 0.10416666666666667
0 0.25390625 0.10989583333333333 0.096875 0.128125
0 0.16132812500000002 0.036458333333333336 0.11171875 0.07083333333333333
0 0.673828125 0.19583333333333333 0.03828125 0.04791666666666666
0 0.6410156250000001 0.21822916666666667 0.04453125 0.057291666666666664
0 0.68125 0.25677083333333334 0.0484375 0.06354166666666666
0 0.7292968750000001 0.209375 0.04296875 0.052083333333333336
0 0.645703125 0.15416666666666667 0.041406250000000006 0.052083333333333336
0 0.548828125 0.23333333333333334 0.039843750000000004 0.05
