0 0.0890625 0.7541666666666667 0.08281250000000001 0.0875
0 0.021875000000000002 0.5260416666666666 0.0421875 0.11458333333333333
0 0.304296875 0.6864583333333333 0.08671875000000001 0.12291666666666666
0 0.40664062500000003 0.65625 0.08828125 0.10625
0 0.548828125 0.721875 0.08046875 0.12291666666666666
0 0.6511718750000001 0.7 0.08828125 0.12708333333333333
0 0.702734375 0.7442708333333333 0.07109375 0.12395833333333334
0 0.7878906250000001 0.7130208333333333 0.09296875 0.12604166666666666
0 0.8285156250000001 0.5364583333333334 0.07890625000000001 0.12083333333333333
0 0.554296875 0.2713541666666667 0.04453125 0.06770833333333333
0 0.483984375 0.0421875 0.08984375 0.08229166666666667
0 0.39570312500000004 0.04791666666666666 0.09140625000000001 0.08541666666666667
0 0.3359375 0.17760416666666667 0.053125000000000006 0.06145833333333333
0 0.28515625 0.1875 0.046875 0.05416666666666667
0 0.255078125 0.2869791666666667 0.03828125 0.05520833333333333
0 0.47968750000000004 0.3 0.0234375 0.0375
0 0.9828125000000001 0.5458333333333333 0.034375 0.12708333333333333
0 0.71875 0.21354166666666666 0.0203125 0.03125
0 0.827734375 0.0515625 0.01640625 0.028125
0 0.69921875 0.22708333333333333 0.0203125 0.03125
0 0.7375 0.23020833333333332 0.021875000000000002 0.029166666666666667
