0 0.21875 0.5463541666666667 0.0765625 0.09479166666666666
0 0.09257812500000001 0.5963541666666666 0.06796875000000001 0.08020833333333333
0 0.13007812500000002 0.5583333333333333 0.06328125 0.08333333333333333
0 0.040234375 0.39739583333333334 0.07421875 0.09895833333333333
0 0.7156250000000001 0.20989583333333334 0.09062500000000001 0.14270833333333333
0 0.790625 0.19479166666666667 0.0921875 0.12083333333333333
0 0.8914062500000001 0.09375 0.08750000000000001 0.11666666666666667
0 0.78046875 0.4953125 0.084375 0.10520833333333333
0 0.855078125 0.6703125 0.08046875 0.10104166666666667
0 0.9695312500000001 0.5239583333333333 0.059375000000000004 0.10625
0 0.6570312500000001 0.9005208333333333 0.08281250000000001 0.11145833333333333
0 0.762890625 0.7166666666666667 0.07578125000000001 0.10833333333333334
0 0.265625 0.7333333333333333 0.0859375 0.12291666666666666
0 0.31796875 0.6541666666666667 0.0859375 0.11041666666666666
0 0.314453125 0.5484375 0.08828125 0.121875
0 0.373828125 0.4453125 0.08671875000000001 0.11145833333333333
0 0.18828125 0.3380208333333333 0.07500000000000001 0.10104166666666667
0 0.166015625 0.07708333333333334 0.030468750000000003 0.03958333333333333
