0 0.0578125 0.12604166666666666 0.0765625 0.11041666666666666
0 0.48046875 0.14010416666666667 0.07968750000000001 0.09895833333333333
0 0.544140625 0.14270833333333333 0.06328125 0.0875
0 0.662109375 0.11822916666666666 0.08046875 0.09479166666666666
0 0.69140625 0.21666666666666667 0.06406250000000001 0.0875
0 0.8324218750000001 0.203125 0.041406250000000006 0.06458333333333333
0 0.92109375 0.425 0.0671875 0.09166666666666666
0 0.6585937500000001 0.590625 0.0734375 0.11041666666666666
0 0.7289062500000001 0.6078125 0.07500000000000001 0.103125
0 0.788671875 0.6666666666666666 0.06328125 0.08958333333333333
0 0.913671875 0.6114583333333333 0.07265625 0.09166666666666666
0 0.49648437500000003 0.8125 0.06640625 0.09166666666666666
0 0.19140625 0.6552083333333333 0.0703125 0.09583333333333333
0 0.08750000000000001 0.5807291666666666 0.06875 0.09479166666666666
0 0.0921875 0.3072916666666667 0.078125 0.09583333333333333
0 0.34296875000000004 0.17604166666666665 0.0703125 0.0875
0 0.198046875 0.06927083333333334 0.07578125000000001 0.09479166666666666
0 0.263671875 0.26510416666666664 0.05078125 0.071875
0 0.531640625 0.5088541666666666 0.08359375000000001 0.10520833333333333
0 0.5828125000000001 0.4125 0.0765625 0.1125
0 0.26640625 0.7 0.018750000000000003 0.025
0 0.30625 0.6322916666666667 0.0171875 0.025
0 0.33203125 0.6239583333333333 0.018750000000000003 0.027083333333333334
0 0.130859375 0.8286458333333333 0.017968750000000002 0.021875
0 0.098828125 0.8145833333333333 0.022656250000000003 0.022916666666666665
0 0.111328125 0.9442708333333333 0.01640625 0.02395833333333333
0 0.127734375 0.8848958333333333 0.01640625 0.019791666666666666
