0 0.102734375 0.4942708333333333 0.08984375 0.11354166666666667
0 0.18671875000000002 0.4276041666666667 0.08281250000000001 0.14270833333333333
0 0.373046875 0.4479166666666667 0.08203125 0.10208333333333333
0 0.49453125000000003 0.603125 0.07187500000000001 0.09791666666666667
0 0.6578125 0.47031249999999997 0.08125 0.103125
0 0.558203125 0.5255208333333333 0.07734375 0.103125
0 0.633984375 0.5661458333333333 0.08046875 0.10104166666666667
0 0.9593750000000001 0.5473958333333333 0.06406250000000001 0.10104166666666667
0 0.309375 0.15364583333333334 0.046875 0.06354166666666666
0 0.07773437500000001 0.259375 0.05078125 0.05
0 0.025390625 0.4979166666666667 0.049218750000000006 0.12291666666666666
0 0.11640625 0.37447916666666664 0.078125 0.11354166666666667
0 0.86875 0.19479166666666667 0.0421875 0.0625
0 0.917578125 0.1953125 0.041406250000000006 0.059375
