0 0.039843750000000004 0.2598958333333333 0.0734375 0.11145833333333333
0 0.349609375 0.05677083333333333 0.10546875 0.109375
0 0.446875 0.06041666666666667 0.096875 0.11875
0 0.516796875 0.041666666666666664 0.11328125 0.08125
0 0.401953125 0.16302083333333334 0.09296875 0.109375
0 0.32539062500000004 0.13541666666666666 0.09921875000000001 0.10208333333333333
0 0.425390625 0.26927083333333335 0.041406250000000006 0.057291666666666664
0 0.212890625 0.7088541666666667 0.08359375000000001 0.109375
0 0.516015625 0.5369791666666667 0.07734375 0.103125
0 0.401953125 0.7458333333333333 0.08984375 0.10625
0 0.35273437500000004 0.7598958333333333 0.06015625 0.11354166666666667
0 0.579296875 0.7770833333333333 0.07734375 0.09791666666666667
0 0.466796875 0.7885416666666667 0.07578125000000001 0.1125
0 0.77109375 0.659375 0.0546875 0.09791666666666667
0 0.8324218750000001 0.6927083333333334 0.08515625 0.11666666666666667
0 0.9140625 0.6677083333333333 0.07500000000000001 0.11458333333333333
0 0.788671875 0.3020833333333333 0.04296875 0.06041666666666667
0 0.58203125 0.196875 0.0421875 0.05625
0 0.533203125 0.20104166666666667 0.049218750000000006 0.04375
0 0.620703125 0.08177083333333333 0.030468750000000003 0.03854166666666667
0 0.96015625 0.08020833333333333 0.07500000000000001 0.11041666666666666
0 0.08984375 0.040625 0.1046875 0.07916666666666666
0 0.18046875 0.033854166666666664 0.0890625 0.065625
