0 0.2390625 0.5848958333333333 0.0890625 0.11354166666666667
0 0.39687500000000003 0.3802083333333333 0.08750000000000001 0.09791666666666667
0 0.47382812500000004 0.8640625 0.04609375 0.06145833333333333
0 0.523828125 0.8125 0.04296875 0.0625
0 0.6957031250000001 0.8072916666666666 0.049218750000000006 0.06458333333333333
0 0.5066406250000001 0.6697916666666667 0.07578125000000001 0.10416666666666667
0 0.43398437500000003 0.5890625 0.08046875 0.109375
0 0.41875 0.10416666666666667 0.078125 0.12708333333333333
0 0.5015625 0.07916666666666666 0.09531250000000001 0.12083333333333333
0 0.49140625000000004 0.1671875 0.0765625 0.090625
0 0.590234375 0.0796875 0.08515625 0.128125
0 0.68671875 0.09270833333333334 0.09375 0.1125
0 0.7445312500000001 0.05364583333333333 0.08281250000000001 0.10520833333333333
0 0.792578125 0.15520833333333334 0.09296875 0.12291666666666666
0 0.915625 0.24375 0.040625 0.058333333333333334
0 0.95078125 0.2520833333333333 0.0421875 0.05416666666666667
0 0.9632812500000001 0.21770833333333334 0.037500000000000006 0.058333333333333334
0 0.90625 0.28802083333333334 0.0421875 0.05520833333333333
0 0.815625 0.24427083333333333 0.045312500000000006 0.04895833333333333
0 0.7976562500000001 0.2833333333333333 0.043750000000000004 0.04375
0 0.9078125 0.6041666666666666 0.034375 0.05625
