0 0.33359375 0.3734375 0.07500000000000001 0.10520833333333333
0 0.640234375 0.3723958333333333 0.07890625000000001 0.103125
0 0.8347656250000001 0.0296875 0.07421875 0.057291666666666664
0 0.882421875 0.42135416666666664 0.07109375 0.10520833333333333
0 0.892578125 0.5057291666666667 0.07734375 0.090625
0 0.74375 0.9640624999999999 0.0734375 0.071875
0 0.6082031250000001 0.55625 0.07265625 0.11041666666666666
0 0.5789062500000001 0.6166666666666667 0.07500000000000001 0.08333333333333333
0 0.38320312500000003 0.5661458333333333 0.07265625 0.08854166666666667
0 0.26796875000000003 0.5807291666666666 0.0734375 0.09895833333333333
0 0.292578125 0.47552083333333334 0.07890625000000001 0.10729166666666666
0 0.012890625000000001 0.453125 0.02421875 0.08541666666666667
0 0.31367187500000004 0.8833333333333333 0.06328125 0.08125
0 0.35781250000000003 0.7578125 0.07187500000000001 0.09479166666666666
0 0.033203125 0.9015624999999999 0.05859375 0.06354166666666666
0 0.2 0.190625 0.0328125 0.0375
0 0.015625 0.06354166666666666 0.029687500000000002 0.04791666666666666
0 0.023828125000000002 0.12291666666666666 0.03515625 0.052083333333333336
0 0.098046875 0.22343749999999998 0.04453125 0.051041666666666666
0 0.06875 0.23958333333333334 0.037500000000000006 0.058333333333333334
