0 0.10625000000000001 0.3796875 0.1 0.12395833333333334
0 0.2515625 0.10729166666666666 0.0859375 0.12708333333333333
0 0.4234375 0.058333333333333334 0.0859375 0.10208333333333333
0 0.6578125 0.0453125 0.1015625 0.08854166666666667
0 0.9007812500000001 0.43697916666666664 0.084375 0.11145833333333333
0 0.95234375 0.7052083333333333 0.0765625 0.12083333333333333
0 0.816015625 0.7223958333333333 0.07890625000000001 0.103125
0 0.7425781250000001 0.7619791666666667 0.08515625 0.10729166666666666
0 0.5171875 0.5427083333333333 0.0921875 0.11041666666666666
0 0.6515625 0.4583333333333333 0.09062500000000001 0.11458333333333333
0 0.49257812500000003 0.653125 0.08359375000000001 0.10625
0 0.36796875 0.540625 0.08750000000000001 0.11666666666666667
0 0.28164062500000003 0.5739583333333333 0.09453125000000001 0.11458333333333333
0 0.26992187500000003 0.915625 0.09140625000000001 0.09166666666666666
0 0.435546875 0.8505208333333333 0.07109375 0.08645833333333333
0 0.43867187500000004 0.9369791666666667 0.07265625 0.09270833333333334
0 0.38203125000000004 0.9604166666666667 0.078125 0.07916666666666666
0 0.605078125 0.64375 0.07890625000000001 0.09791666666666667
0 0.638671875 0.21875 0.047656250000000004 0.05625
0 0.7296875 0.21145833333333333 0.0421875 0.06041666666666667
0 0.6828125 0.25677083333333334 0.0484375 0.05520833333333333
0 0.6742187500000001 0.196875 0.037500000000000006 0.04583333333333333
0 0.6042968750000001 0.18020833333333333 0.047656250000000004 0.05625
0 0.498046875 0.13125 0.09609375 0.10416666666666667
