0 0.20468750000000002 0.34010416666666665 0.1203125 0.17395833333333333
0 0.32734375000000004 0.35833333333333334 0.12187500000000001 0.18125
0 0.6960937500000001 0.07135416666666666 0.10312500000000001 0.12395833333333334
0 0.784375 0.06197916666666667 0.0921875 0.11562499999999999
0 0.898046875 0.09479166666666666 0.07890625000000001 0.12708333333333333
0 0.966796875 0.14114583333333333 0.06171875 0.15729166666666666
0 0.759375 0.7692708333333333 0.096875 0.134375
0 0.841015625 0.8109375 0.08046875 0.134375
0 0.7347656250000001 0.9067708333333333 0.05390625 0.065625
0 0.626953125 0.9682291666666667 0.049218750000000006 0.04895833333333333
0 0.46640625 0.7625 0.11875000000000001 0.15833333333333333
0 0.342578125 0.7588541666666666 0.10546875 0.12395833333333334
0 0.08945312500000001 0.5869791666666666 0.09921875000000001 0.140625
0 0.08750000000000001 0.7114583333333333 0.09062500000000001 0.125
0 0.08554687500000001 0.9557291666666666 0.08203125 0.08229166666666667
0 0.55625 0.9718749999999999 0.034375 0.052083333333333336
0 0.529296875 0.26875 0.05390625 0.06875
0 0.498828125 0.30885416666666665 0.057031250000000006 0.06145833333333333
0 0.046484375 0.24427083333333333 0.030468750000000003 0.046875
0 0.0203125 0.35052083333333334 0.0390625 0.057291666666666664
0 0.019140625 0.24583333333333332 0.03671875 0.05416666666666667
0 0.036328125 0.09270833333333334 0.039843750000000004 0.04583333333333333
0 0.012109375 0.16822916666666665 0.022656250000000003 0.059375
0 0.319140625 0.05572916666666666 0.10078125 0.109375
0 0.474609375 0.3880208333333333 0.022656250000000003 0.036458333333333336
