0 0.12460937500000001 0.5958333333333333 0.05234375 0.07708333333333334
0 0.2703125 0.5270833333333333 0.043750000000000004 0.1
0 0.451171875 0.4588541666666667 0.07421875 0.10104166666666667
0 0.3671875 0.6369791666666667 0.043750000000000004 0.053125
0 0.36640625000000004 0.6885416666666666 0.045312500000000006 0.05625
0 0.51015625 0.8796875 0.065625 0.08854166666666667
0 0.81953125 0.8364583333333333 0.065625 0.08125
0 0.858984375 0.7041666666666666 0.06640625 0.09166666666666666
0 0.76328125 0.5348958333333333 0.0734375 0.096875
0 0.8851562500000001 0.5171875 0.0671875 0.096875
0 0.7953125000000001 0.4302083333333333 0.08281250000000001 0.11041666666666666
0 0.87890625 0.3265625 0.078125 0.11770833333333333
0 0.537109375 0.08854166666666667 0.041406250000000006 0.06041666666666667
0 0.5296875 0.13697916666666665 0.045312500000000006 0.05520833333333333
0 0.318359375 0.042708333333333334 0.08515625 0.08333333333333333
0 0.181640625 0.1859375 0.049218750000000006 0.059375
0 0.140625 0.15052083333333333 0.037500000000000006 0.059375
0 0.19882812500000002 0.9265625 0.07890625000000001 0.084375
0 0.479296875 0.3953125 0.06484375 0.071875
0 0.47109375000000003 0.15520833333333334 0.035937500000000004 0.04583333333333333
