0 0.026171875 0.058854166666666666 0.049218750000000006 0.10520833333333333
0 0.394140625 0.2557291666666667 0.10703125000000001 0.134375
0 0.5320312500000001 0.07135416666666666 0.1015625 0.140625
0 0.405859375 0.028645833333333332 0.09765625 0.05520833333333333
0 0.6000000000000001 0.022395833333333334 0.09062500000000001 0.042708333333333334
0 0.791015625 0.12447916666666667 0.04296875 0.046875
0 0.7117187500000001 0.2708333333333333 0.045312500000000006 0.05625
0 0.76875 0.2671875 0.043750000000000004 0.05520833333333333
0 0.97421875 0.5223958333333333 0.051562500000000004 0.11145833333333333
0 0.9171875 0.5614583333333333 0.06406250000000001 0.10416666666666667
0 0.8484375000000001 0.5447916666666667 0.07187500000000001 0.1
0 0.813671875 0.6854166666666667 0.08515625 0.10833333333333334
0 0.8382812500000001 0.784375 0.065625 0.11041666666666666
0 0.909375 0.8036458333333333 0.08125 0.11354166666666667
0 0.654296875 0.578125 0.05234375 0.07291666666666667
0 0.476171875 0.6203125 0.09296875 0.121875
0 0.408984375 0.7401041666666667 0.09140625000000001 0.11979166666666667
0 0.4140625 0.8614583333333333 0.0890625 0.09166666666666666
0 0.27578125000000003 0.7489583333333333 0.08750000000000001 0.12916666666666665
0 0.223046875 0.5885416666666666 0.07421875 0.10625
0 0.15156250000000002 0.5828125 0.08750000000000001 0.12604166666666666
0 0.06601562500000001 0.7317708333333334 0.08671875000000001 0.103125
0 0.6527343750000001 0.7057291666666666 0.02890625 0.030208333333333334
0 0.5710937500000001 0.6973958333333333 0.018750000000000003 0.028125
0 0.479296875 0.7692708333333333 0.022656250000000003 0.03229166666666666
0 0.7140625 0.7244791666666667 0.026562500000000003 0.02395833333333333
0 0.6171875 0.10781249999999999 0.018750000000000003 0.028125
0 0.67734375 0.3875 0.018750000000000003 0.025
