0 0.048046875 0.5286458333333334 0.07421875 0.09895833333333333
0 0.14453125 0.5354166666666667 0.0671875 0.08958333333333333
0 0.295703125 0.425 0.06015625 0.06458333333333333
0 0.32578125 0.11614583333333334 0.043750000000000004 0.053125
0 0.26484375 0.6135416666666667 0.09062500000000001 0.1125
0 0.23515625 0.7838541666666666 0.0546875 0.06145833333333333
0 0.17265625 0.9697916666666666 0.0703125 0.05416666666666667
0 0.33515625000000004 0.9697916666666666 0.0671875 0.06041666666666667
0 0.5496093750000001 0.7546875 0.06484375 0.09270833333333334
0 0.669921875 0.6270833333333333 0.08203125 0.10416666666666667
0 0.5671875000000001 0.5604166666666667 0.0734375 0.09791666666666667
0 0.8226562500000001 0.534375 0.0734375 0.1
0 0.890234375 0.5473958333333333 0.07734375 0.11354166666666667
0 0.413671875 0.09479166666666666 0.03515625 0.04375
0 0.35703125 0.14114583333333333 0.034375 0.046875
0 0.136328125 0.140625 0.03515625 0.04791666666666666
0 0.23125 0.1015625 0.0328125 0.04479166666666667
0 0.28828125 0.11822916666666666 0.034375 0.051041666666666666
0 0.262890625 0.035416666666666666 0.03515625 0.04375
0 0.233203125 0.04635416666666667 0.02890625 0.046875
0 0.42890625000000004 0.014583333333333334 0.018750000000000003 0.022916666666666665
