0 0.419921875 0.22083333333333333 0.08203125 0.11666666666666667
0 0.484375 0.17760416666666667 0.07968750000000001 0.12395833333333334
0 0.5906250000000001 0.09114583333333333 0.084375 0.128125
0 0.73828125 0.04635416666666667 0.0859375 0.08854166666666667
0 0.5652343750000001 0.31197916666666664 0.03828125 0.05520833333333333
0 0.597265625 0.3078125 0.030468750000000003 0.04479166666666667
0 0.7703125000000001 0.29583333333333334 0.060937500000000006 0.06666666666666667
0 0.65546875 0.5723958333333333 0.040625 0.04895833333333333
0 0.6687500000000001 0.6635416666666667 0.0625 0.10416666666666667
0 0.736328125 0.6828125 0.07109375 0.08020833333333333
0 0.59765625 0.7416666666666667 0.0703125 0.0875
0 0.46406250000000004 0.671875 0.06406250000000001 0.08333333333333333
0 0.41914062500000004 0.8151041666666666 0.07109375 0.103125
0 0.375 0.8041666666666667 0.053125000000000006 0.09583333333333333
0 0.207421875 0.6833333333333333 0.08671875000000001 0.11041666666666666
0 0.269140625 0.7442708333333333 0.06328125 0.07395833333333333
0 0.365234375 0.9583333333333334 0.057031250000000006 0.052083333333333336
0 0.6078125000000001 0.9536458333333333 0.053125000000000006 0.06145833333333333
0 0.6953125 0.953125 0.037500000000000006 0.05625
0 0.127734375 0.08958333333333333 0.03359375 0.04583333333333333
