0 0.42812500000000003 0.22916666666666666 0.07968750000000001 0.12083333333333333
0 0.47500000000000003 0.1734375 0.0890625 0.134375
0 0.6941406250000001 0.08385416666666666 0.049218750000000006 0.051041666666666666
0 0.716796875 0.146875 0.04296875 0.05416666666666667
0 0.680859375 0.16145833333333334 0.03515625 0.05416666666666667
0 0.8078125 0.19010416666666666 0.0484375 0.06354166666666666
0 0.7214843750000001 0.203125 0.04609375 0.058333333333333334
0 0.689453125 0.22708333333333333 0.047656250000000004 0.05625
0 0.696484375 0.27760416666666665 0.05078125 0.06145833333333333
0 0.7671875 0.4588541666666667 0.05625 0.084375
0 0.8187500000000001 0.5484375 0.0921875 0.11562499999999999
0 0.892578125 0.540625 0.07734375 0.1
0 0.86484375 0.6583333333333333 0.0765625 0.0875
0 0.790625 0.6729166666666666 0.06875 0.08541666666666667
0 0.7390625000000001 0.6057291666666667 0.0703125 0.11770833333333333
0 0.6765625000000001 0.6078125 0.06875 0.10729166666666666
0 0.570703125 0.6125 0.04296875 0.06041666666666667
0 0.46914062500000003 0.8979166666666667 0.08671875000000001 0.10416666666666667
0 0.5015625 0.8125 0.040625 0.052083333333333336
0 0.6878906250000001 0.890625 0.07265625 0.07916666666666666
0 0.9703125 0.9359375 0.059375000000000004 0.084375
0 0.34453125 0.803125 0.09531250000000001 0.11458333333333333
0 0.34804687500000003 0.5328125 0.06640625 0.08854166666666667
0 0.46796875000000004 0.353125 0.0890625 0.11458333333333333
0 0.53046875 0.296875 0.09531250000000001 0.11458333333333333
0 0.226953125 0.5390625 0.06796875000000001 0.10104166666666667
0 0.125 0.58125 0.065625 0.09375
0 0.043359375000000006 0.5671875 0.04609375 0.059375
0 0.29921875000000003 0.22135416666666666 0.040625 0.042708333333333334
