0 0.2515625 0.5390625 0.07500000000000001 0.11354166666666667
0 0.21601562500000002 0.5828125 0.08984375 0.12604166666666666
0 0.11406250000000001 0.5619791666666667 0.0765625 0.096875
0 0.102734375 0.6890625 0.07265625 0.10729166666666666
0 0.18085937500000002 0.8083333333333333 0.08046875 0.11041666666666666
0 0.128515625 0.7994791666666666 0.05234375 0.07604166666666666
0 0.7347656250000001 0.4817708333333333 0.08828125 0.128125
0 0.66953125 0.434375 0.07500000000000001 0.12916666666666665
0 0.8929687500000001 0.45677083333333335 0.09843750000000001 0.13020833333333334
0 0.92890625 0.7104166666666667 0.1015625 0.13541666666666666
0 0.36796875 0.2661458333333333 0.043750000000000004 0.053125
0 0.40078125000000003 0.24427083333333333 0.045312500000000006 0.059375
0 0.424609375 0.053125 0.047656250000000004 0.058333333333333334
0 0.5476562500000001 0.6442708333333333 0.018750000000000003 0.02395833333333333
0 0.390234375 0.9546875 0.01953125 0.026041666666666668
