0 0.181640625 0.6729166666666666 0.08359375000000001 0.11666666666666667
0 0.2828125 0.6489583333333333 0.0859375 0.10833333333333334
0 0.513671875 0.6963541666666666 0.09765625 0.13020833333333334
0 0.5691406250000001 0.7380208333333333 0.07265625 0.121875
0 0.64765625 0.703125 0.09062500000000001 0.12708333333333333
0 0.701171875 0.5276041666666667 0.09140625000000001 0.11354166666666667
0 0.8984375 0.40260416666666665 0.0890625 0.11354166666666667
0 0.8968750000000001 0.5416666666666666 0.09531250000000001 0.12916666666666665
0 0.50234375 0.2640625 0.0421875 0.06145833333333333
0 0.286328125 0.175 0.049218750000000006 0.06666666666666667
0 0.236328125 0.18020833333333333 0.047656250000000004 0.06041666666666667
0 0.20429687500000002 0.2817708333333333 0.041406250000000006 0.057291666666666664
0 0.460546875 0.2953125 0.022656250000000003 0.036458333333333336
0 0.3984375 0.3359375 0.0171875 0.026041666666666668
0 0.33242187500000003 0.37864583333333335 0.02109375 0.034375
0 0.653515625 0.221875 0.02421875 0.029166666666666667
0 0.6332031250000001 0.20833333333333334 0.02109375 0.029166666666666667
0 0.7265625 0.26979166666666665 0.018750000000000003 0.025
0 0.34296875000000004 0.03802083333333333 0.08750000000000001 0.07395833333333333
0 0.2578125 0.04375 0.0765625 0.08541666666666667
0 0.18828125 0.11875 0.0234375 0.0375
