0 0.129296875 0.14895833333333333 0.04609375 0.05416666666666667
0 0.2234375 0.07864583333333333 0.08750000000000001 0.09895833333333333
0 0.37343750000000003 0.096875 0.09062500000000001 0.11458333333333333
0 0.30585937500000004 0.10989583333333333 0.07421875 0.109375
0 0.534765625 0.0546875 0.10078125 0.10729166666666666
0 0.603515625 0.053125 0.07421875 0.10416666666666667
0 0.520703125 0.1703125 0.06328125 0.10520833333333333
0 0.39765625000000004 0.1703125 0.08125 0.08645833333333333
0 0.503515625 0.33697916666666666 0.08515625 0.08854166666666667
0 0.48476562500000003 0.453125 0.08359375000000001 0.1125
0 0.32539062500000004 0.3453125 0.07265625 0.051041666666666666
0 0.255859375 0.4244791666666667 0.08046875 0.10520833333333333
0 0.15859375 0.7130208333333333 0.0765625 0.08854166666666667
0 0.087109375 0.7307291666666667 0.07890625000000001 0.103125
0 0.045312500000000006 0.5614583333333333 0.08125 0.1125
0 0.567578125 0.7291666666666666 0.09140625000000001 0.1125
0 0.304296875 0.9463541666666666 0.08671875000000001 0.096875
0 0.786328125 0.7786458333333334 0.08359375000000001 0.10729166666666666
0 0.72578125 0.7046875 0.07968750000000001 0.08645833333333333
0 0.6609375000000001 0.7234375 0.065625 0.096875
0 0.858984375 0.6791666666666667 0.07421875 0.12083333333333333
0 0.9773437500000001 0.6666666666666666 0.045312500000000006 0.12291666666666666
0 0.96875 0.8276041666666667 0.0625 0.11354166666666667
0 0.8636718750000001 0.8630208333333333 0.06796875000000001 0.09479166666666666
0 0.92890625 0.18802083333333333 0.07187500000000001 0.109375
0 0.9851562500000001 0.1984375 0.029687500000000002 0.11145833333333333
0 0.6609375000000001 0.2661458333333333 0.037500000000000006 0.06770833333333333
0 0.5925781250000001 0.5119791666666667 0.08828125 0.057291666666666664
0 0.369140625 0.7578125 0.05859375 0.08020833333333333
