0 0.291015625 0.15416666666666667 0.07890625000000001 0.09791666666666667
0 0.258984375 0.29583333333333334 0.09453125000000001 0.11666666666666667
0 0.2484375 0.5265625 0.1046875 0.12395833333333334
0 0.185546875 0.684375 0.09296875 0.10416666666666667
0 0.0328125 0.8744791666666667 0.06406250000000001 0.12395833333333334
0 0.358203125 0.6302083333333334 0.09921875000000001 0.12083333333333333
0 0.669921875 0.7057291666666666 0.10390625 0.12604166666666666
0 0.624609375 0.8151041666666666 0.10078125 0.121875
0 0.61640625 0.9145833333333333 0.09843750000000001 0.10416666666666667
0 0.84140625 0.65 0.084375 0.1125
