0 0.278515625 0.03802083333333333 0.10078125 0.06979166666666667
0 0.350390625 0.07864583333333333 0.08515625 0.11979166666666667
0 0.526953125 0.20781249999999998 0.039843750000000004 0.051041666666666666
0 0.203515625 0.5359375 0.08984375 0.11770833333333333
0 0.17578125 0.4510416666666667 0.040625 0.05625
0 0.261328125 0.7265625 0.09296875 0.11979166666666667
0 0.359375 0.6458333333333334 0.037500000000000006 0.05
0 0.39687500000000003 0.6416666666666666 0.035937500000000004 0.04375
0 0.5222656250000001 0.6614583333333334 0.06640625 0.06458333333333333
0 0.578515625 0.6588541666666666 0.057031250000000006 0.08020833333333333
0 0.634375 0.525 0.07500000000000001 0.09791666666666667
0 0.505078125 0.4244791666666667 0.04296875 0.04895833333333333
0 0.63203125 0.8098958333333334 0.0234375 0.036458333333333336
