0 0.25234375000000003 0.09635416666666667 0.08125 0.12395833333333334
0 0.187890625 0.11041666666666666 0.06015625 0.09791666666666667
0 0.10898437500000001 0.09427083333333333 0.07578125000000001 0.09270833333333334
0 0.07968750000000001 0.04375 0.0703125 0.08541666666666667
0 0.398046875 0.0484375 0.09765625 0.09479166666666666
0 0.4703125 0.04895833333333333 0.07500000000000001 0.09583333333333333
0 0.887890625 0.18125 0.08984375 0.13333333333333333
0 0.95859375 0.08489583333333334 0.078125 0.12604166666666666
0 0.8093750000000001 0.171875 0.0765625 0.12083333333333333
0 0.9421875000000001 0.6578125 0.084375 0.11770833333333333
0 0.8773437500000001 0.6598958333333333 0.06875 0.109375
0 0.925390625 0.7552083333333334 0.06796875000000001 0.0875
0 0.8757812500000001 0.8348958333333333 0.07500000000000001 0.10104166666666667
0 0.761328125 0.8640625 0.07421875 0.090625
0 0.73984375 0.675 0.08281250000000001 0.12291666666666666
0 0.6566406250000001 0.7796875 0.08359375000000001 0.11770833333333333
0 0.597265625 0.6979166666666666 0.07890625000000001 0.09166666666666666
0 0.54296875 0.7109375 0.08125 0.096875
0 0.43476562500000004 0.725 0.08515625 0.12083333333333333
0 0.35390625000000003 0.4427083333333333 0.08750000000000001 0.11458333333333333
0 0.37929687500000003 0.34010416666666665 0.08046875 0.10729166666666666
0 0.52734375 0.2796875 0.0421875 0.04895833333333333
0 0.13984375000000002 0.4203125 0.0765625 0.10104166666666667
0 0.216796875 0.3572916666666667 0.06640625 0.09166666666666666
0 0.062890625 0.6973958333333333 0.07421875 0.096875
0 0.01640625 0.73125 0.03125 0.1
0 0.19140625 0.9328124999999999 0.08750000000000001 0.109375
0 0.26210937500000003 0.7484375 0.05390625 0.08229166666666667
0 0.34101562500000004 0.7526041666666666 0.047656250000000004 0.08229166666666667
0 0.276953125 0.1671875 0.08046875 0.090625
0 0.6097656250000001 0.259375 0.03671875 0.05416666666666667
0 0.8152343750000001 0.3609375 0.041406250000000006 0.071875
