0 0.11015625000000001 0.09114583333333333 0.07500000000000001 0.08645833333333333
0 0.25234375000000003 0.09270833333333334 0.0859375 0.11666666666666667
0 0.3984375 0.051041666666666666 0.1046875 0.09583333333333333
0 0.4734375 0.04583333333333333 0.0765625 0.08958333333333333
0 0.38007812500000004 0.3307291666666667 0.08671875000000001 0.090625
0 0.525 0.278125 0.040625 0.052083333333333336
0 0.8875000000000001 0.18229166666666666 0.0921875 0.12708333333333333
0 0.95703125 0.0796875 0.0765625 0.11770833333333333
0 0.8046875 0.17447916666666666 0.07968750000000001 0.11979166666666667
0 0.35468750000000004 0.4473958333333333 0.08281250000000001 0.11562499999999999
0 0.436328125 0.721875 0.09140625000000001 0.11666666666666667
0 0.542578125 0.715625 0.07890625000000001 0.10833333333333334
0 0.595703125 0.7010416666666667 0.07578125000000001 0.09583333333333333
0 0.6566406250000001 0.775 0.08046875 0.1
0 0.7421875 0.6776041666666667 0.084375 0.10729166666666666
0 0.875 0.6578125 0.065625 0.11354166666666667
0 0.942578125 0.6552083333333333 0.07734375 0.11666666666666667
0 0.9246093750000001 0.759375 0.07265625 0.09166666666666666
0 0.8753906250000001 0.8328125 0.07421875 0.09479166666666666
0 0.7640625000000001 0.8619791666666666 0.065625 0.08645833333333333
0 0.8152343750000001 0.3651041666666667 0.04453125 0.065625
0 0.6125 0.2609375 0.0421875 0.057291666666666664
0 0.190234375 0.934375 0.08828125 0.10208333333333333
0 0.341796875 0.7494791666666667 0.04296875 0.08229166666666667
0 0.06328125 0.7015625 0.07187500000000001 0.09895833333333333
0 0.13828125 0.41510416666666666 0.07187500000000001 0.109375
0 0.22031250000000002 0.35625 0.0671875 0.08958333333333333
0 0.2765625 0.1671875 0.07187500000000001 0.08645833333333333
0 0.19375 0.11302083333333333 0.0578125 0.10520833333333333
0 0.074609375 0.034375 0.07109375 0.06666666666666667
