0 0.19921875 0.46875 0.07968750000000001 0.10416666666666667
0 0.42109375000000004 0.290625 0.1015625 0.13125
0 0.509765625 0.2609375 0.09453125000000001 0.121875
0 0.581640625 0.09791666666666667 0.08046875 0.11458333333333333
0 0.6644531250000001 0.096875 0.08203125 0.10416666666666667
0 0.7468750000000001 0.0671875 0.1 0.11354166666666667
0 0.9226562500000001 0.04479166666666667 0.037500000000000006 0.05416666666666667
0 0.500390625 0.059895833333333336 0.07890625000000001 0.09479166666666666
0 0.731640625 0.23854166666666665 0.04296875 0.0625
0 0.784765625 0.21302083333333333 0.049218750000000006 0.059375
0 0.9320312500000001 0.290625 0.043750000000000004 0.058333333333333334
0 0.74765625 0.30833333333333335 0.045312500000000006 0.052083333333333336
0 0.646484375 0.18489583333333334 0.04453125 0.051041666666666666
0 0.6859375000000001 0.18854166666666666 0.040625 0.05416666666666667
0 0.5632812500000001 0.6734375 0.084375 0.11770833333333333
0 0.7625000000000001 0.7208333333333333 0.09062500000000001 0.10625
0 0.88046875 0.7911458333333333 0.0921875 0.11354166666666667
0 0.7542968750000001 0.8119791666666667 0.05234375 0.06145833333333333
0 0.644140625 0.8151041666666666 0.08828125 0.11979166666666667
0 0.5867187500000001 0.81875 0.0734375 0.11666666666666667
0 0.472265625 0.75 0.10390625 0.125
0 0.41132812500000004 0.6286458333333333 0.08515625 0.11354166666666667
0 0.33320312500000004 0.659375 0.09609375 0.13541666666666666
0 0.39101562500000003 0.9125 0.09609375 0.11041666666666666
0 0.25703125 0.8697916666666666 0.0921875 0.11666666666666667
0 0.195703125 0.8796875 0.09140625000000001 0.13020833333333334
0 0.10546875 0.7828125 0.08281250000000001 0.103125
0 0.2015625 0.6947916666666667 0.065625 0.1125
0 0.067578125 0.709375 0.06953125 0.09375
0 0.015625 0.7854166666666667 0.029687500000000002 0.09375
0 0.308203125 0.11822916666666666 0.017968750000000002 0.021875
0 0.16875 0.125 0.0171875 0.020833333333333332
0 0.252734375 0.021354166666666667 0.09140625000000001 0.040625
0 0.6214843750000001 0.9151041666666666 0.04296875 0.057291666666666664
