0 0.209765625 0.1828125 0.07734375 0.10520833333333333
0 0.09843750000000001 0.08645833333333333 0.037500000000000006 0.05
0 0.5375 0.09322916666666667 0.07500000000000001 0.103125
0 0.7292968750000001 0.07916666666666666 0.08203125 0.10416666666666667
0 0.876171875 0.16927083333333334 0.06796875000000001 0.090625
0 0.6703125000000001 0.5671875 0.07500000000000001 0.10729166666666666
0 0.782421875 0.6364583333333333 0.07578125000000001 0.1
0 0.7429687500000001 0.6682291666666667 0.06406250000000001 0.08854166666666667
0 0.283984375 0.6135416666666667 0.07890625000000001 0.10833333333333334
0 0.058203125 0.6291666666666667 0.07734375 0.11041666666666666
0 0.25429687500000003 0.24114583333333334 0.03828125 0.059375
0 0.27968750000000003 0.20885416666666667 0.045312500000000006 0.065625
0 0.6742187500000001 0.26927083333333335 0.07500000000000001 0.103125
0 0.6257812500000001 0.265625 0.0421875 0.09791666666666667
0 0.55703125 0.24739583333333334 0.026562500000000003 0.05520833333333333
0 0.8539062500000001 0.7411458333333333 0.0421875 0.057291666666666664
0 0.98046875 0.775 0.0390625 0.08541666666666667
0 0.942578125 0.515625 0.06328125 0.08333333333333333
0 0.35234375 0.7776041666666667 0.0234375 0.030208333333333334
0 0.32343750000000004 0.7729166666666667 0.021875000000000002 0.03333333333333333
0 0.50625 0.8078124999999999 0.021875000000000002 0.026041666666666668
0 0.5203125000000001 0.7223958333333333 0.0234375 0.030208333333333334
0 0.5339843750000001 0.8276041666666667 0.01953125 0.030208333333333334
0 0.550390625 0.81875 0.01953125 0.027083333333333334
0 0.61328125 0.6854166666666667 0.018750000000000003 0.03125
0 0.541015625 0.6791666666666667 0.02109375 0.025
0 0.5875 0.6734375 0.0171875 0.030208333333333334
0 0.53359375 0.9416666666666667 0.018750000000000003 0.029166666666666667
0 0.519921875 0.9432291666666667 0.02109375 0.026041666666666668
0 0.35468750000000004 0.19114583333333332 0.018750000000000003 0.026041666666666668
0 0.331640625 0.2421875 0.01953125 0.030208333333333334
0 0.38593750000000004 0.22708333333333333 0.0234375 0.025
0 0.39960937500000004 0.0515625 0.01640625 0.021875
0 0.4546875 0.128125 0.021875000000000002 0.029166666666666667
