0 0.033984375000000004 0.07291666666666667 0.06640625 0.11041666666666666
0 0.53671875 0.10989583333333333 0.09375 0.11354166666666667
0 0.6292968750000001 0.08697916666666666 0.10234375000000001 0.13020833333333334
0 0.60859375 0.1765625 0.06875 0.08645833333333333
0 0.70859375 0.08958333333333333 0.07187500000000001 0.125
0 0.796875 0.10260416666666666 0.07968750000000001 0.109375
0 0.8582031250000001 0.059375 0.08828125 0.11666666666666667
0 0.90546875 0.16354166666666667 0.08281250000000001 0.14375
0 0.984375 0.2635416666666667 0.03125 0.07291666666666667
0 0.905859375 0.2708333333333333 0.04453125 0.06666666666666667
0 0.619140625 0.6802083333333333 0.08203125 0.11041666666666666
0 0.550390625 0.5984375 0.08046875 0.10520833333333333
0 0.7546875000000001 0.8151041666666666 0.05625 0.06770833333333333
0 0.583984375 0.8213541666666666 0.04453125 0.06354166666666666
0 0.5328125 0.8682291666666666 0.046875 0.06354166666666666
0 0.351171875 0.5921875 0.08515625 0.12604166666666666
0 0.5078125 0.5338541666666666 0.0390625 0.057291666666666664
0 0.5125000000000001 0.3885416666666667 0.084375 0.10416666666666667
0 0.21484375 0.3229166666666667 0.040625 0.05625
0 0.25 0.3260416666666667 0.0390625 0.06666666666666667
0 0.037890625000000004 0.6864583333333333 0.07265625 0.08541666666666667
0 0.058203125 0.490625 0.055468750000000004 0.06458333333333333
0 0.30117187500000003 0.953125 0.032031250000000004 0.041666666666666664
0 0.5890625 0.9520833333333333 0.0203125 0.027083333333333334
