0 0.39375000000000004 0.584375 0.0765625 0.1
0 0.4921875 0.6005208333333333 0.045312500000000006 0.051041666666666666
0 0.585546875 0.5395833333333333 0.10078125 0.12291666666666666
0 0.671484375 0.49114583333333334 0.09296875 0.12395833333333334
0 0.7347656250000001 0.6203125 0.08203125 0.08854166666666667
0 0.934765625 0.07291666666666667 0.08046875 0.12916666666666665
0 0.8832031250000001 0.08489583333333334 0.06328125 0.11979166666666667
0 0.377734375 0.14322916666666666 0.049218750000000006 0.057291666666666664
0 0.345703125 0.07760416666666667 0.041406250000000006 0.051041666666666666
0 0.376953125 0.034375 0.04453125 0.052083333333333336
0 0.21328125 0.5885416666666666 0.096875 0.12916666666666665
0 0.30117187500000003 0.6072916666666667 0.07578125000000001 0.10625
0 0.37929687500000003 0.7052083333333333 0.07109375 0.09791666666666667
0 0.40664062500000003 0.7619791666666667 0.08046875 0.10104166666666667
0 0.328125 0.7557291666666667 0.078125 0.103125
0 0.4 0.9255208333333333 0.07968750000000001 0.10729166666666666
0 0.48359375000000004 0.9557291666666666 0.09375 0.078125
0 0.5125000000000001 0.9249999999999999 0.0703125 0.0875
0 0.718359375 0.7822916666666666 0.05390625 0.058333333333333334
0 0.501171875 0.4276041666666667 0.049218750000000006 0.059375
0 0.64375 0.24010416666666667 0.0234375 0.036458333333333336
0 0.7410156250000001 0.07552083333333333 0.017968750000000002 0.02395833333333333
0 0.6828125 0.21770833333333334 0.021875000000000002 0.022916666666666665
0 0.6742187500000001 0.12447916666666667 0.021875000000000002 0.030208333333333334
0 0.63203125 0.1 0.021875000000000002 0.029166666666666667
0 0.786328125 0.38177083333333334 0.055468750000000004 0.06145833333333333
