0 0.253515625 0.2520833333333333 0.10234375000000001 0.1375
0 0.392578125 0.06770833333333333 0.10859375 0.13333333333333333
0 0.6566406250000001 0.26510416666666664 0.04609375 0.057291666666666664
0 0.36015625 0.6083333333333333 0.07968750000000001 0.11041666666666666
0 0.7386718750000001 0.5395833333333333 0.06640625 0.09583333333333333
0 0.8796875000000001 0.5171875 0.07187500000000001 0.10729166666666666
0 0.704296875 0.6786458333333333 0.07890625000000001 0.11979166666666667
0 0.8046875 0.7994791666666666 0.08125 0.103125
0 0.732421875 0.7953125 0.06640625 0.08854166666666667
0 0.30117187500000003 0.7322916666666667 0.08203125 0.11666666666666667
0 0.31367187500000004 0.8510416666666667 0.08046875 0.09166666666666666
0 0.17421875 0.7401041666666667 0.08750000000000001 0.121875
0 0.11328125 0.5828125 0.0625 0.10729166666666666
0 0.04609375 0.5765625 0.0734375 0.121875
0 0.7136718750000001 0.2526041666666667 0.03515625 0.040625
0 0.744140625 0.1171875 0.04296875 0.051041666666666666
0 0.096875 0.16302083333333334 0.0171875 0.02395833333333333
