0 0.39609375 0.5041666666666667 0.08125 0.10625
0 0.45703125 0.39947916666666666 0.0734375 0.08854166666666667
0 0.535546875 0.5875 0.07578125000000001 0.10208333333333333
0 0.6023437500000001 0.6057291666666667 0.0765625 0.103125
0 0.81015625 0.6036458333333333 0.078125 0.090625
0 0.81796875 0.4171875 0.0625 0.090625
0 0.78125 0.20364583333333333 0.0421875 0.053125
0 0.36875 0.128125 0.0625 0.08541666666666667
0 0.08828125 0.6317708333333333 0.060937500000000006 0.06770833333333333
0 0.38828125 0.8020833333333334 0.06406250000000001 0.075
0 0.24765625000000002 0.178125 0.06875 0.08958333333333333
