0 0.2484375 0.35885416666666664 0.0890625 0.128125
0 0.45937500000000003 0.48385416666666664 0.084375 0.11770833333333333
0 0.384765625 0.6864583333333333 0.07578125000000001 0.08958333333333333
0 0.1921875 0.6385416666666667 0.09062500000000001 0.11041666666666666
0 0.646484375 0.6369791666666667 0.08046875 0.10729166666666666
0 0.6589843750000001 0.75 0.08671875000000001 0.10208333333333333
0 0.8367187500000001 0.7802083333333333 0.06875 0.08125
0 0.7828125 0.86875 0.0734375 0.11041666666666666
0 0.880078125 0.6453125 0.07578125000000001 0.08854166666666667
0 0.28515625 0.9552083333333333 0.0765625 0.07083333333333333
0 0.4375 0.10104166666666667 0.0765625 0.09375
0 0.12265625000000001 0.058333333333333334 0.1015625 0.1125
0 0.388671875 0.234375 0.01953125 0.029166666666666667
0 0.398046875 0.26927083333333335 0.022656250000000003 0.026041666666666668
0 0.539453125 0.26666666666666666 0.01953125 0.022916666666666665
0 0.50625 0.3453125 0.018750000000000003 0.030208333333333334
0 0.471484375 0.21770833333333334 0.01640625 0.025
