0 0.06992187500000001 0.21614583333333334 0.03828125 0.059375
0 0.10429687500000001 0.20833333333333334 0.041406250000000006 0.0625
0 0.176171875 0.21979166666666666 0.04296875 0.06875
0 0.11953125 0.278125 0.040625 0.05416666666666667
0 0.054296875 0.058333333333333334 0.03515625 0.052083333333333336
0 0.30000000000000004 0.16354166666666667 0.045312500000000006 0.058333333333333334
0 0.3046875 0.21614583333333334 0.060937500000000006 0.051041666666666666
0 0.39765625000000004 0.18854166666666666 0.05 0.05625
0 0.4734375 0.5286458333333334 0.09375 0.12604166666666666
0 0.578125 0.7770833333333333 0.040625 0.06041666666666667
0 0.548046875 0.8640625 0.039843750000000004 0.05520833333333333
0 0.42890625000000004 0.8338541666666667 0.045312500000000006 0.057291666666666664
0 0.46523437500000003 0.8468749999999999 0.04453125 0.05625
0 0.35000000000000003 0.9505208333333334 0.046875 0.06770833333333333
0 0.36445312500000004 0.8166666666666667 0.049218750000000006 0.0625
0 0.24375000000000002 0.9713541666666666 0.0671875 0.057291666666666664
0 0.11640625 0.8338541666666667 0.0484375 0.051041666666666666
0 0.53828125 0.5223958333333333 0.043750000000000004 0.06770833333333333
0 0.39375000000000004 0.5625 0.05 0.06041666666666667
0 0.2328125 0.59375 0.08125 0.10625
0 0.15195312500000002 0.59375 0.07109375 0.11041666666666666
0 0.787109375 0.3703125 0.08203125 0.10520833333333333
0 0.56484375 0.4713541666666667 0.045312500000000006 0.06979166666666667
0 0.53359375 0.6875 0.028125 0.0375
0 0.466796875 0.6354166666666666 0.02734375 0.03333333333333333
0 0.428515625 0.66875 0.02734375 0.03125
