0 0.0703125 0.21666666666666667 0.0421875 0.052083333333333336
0 0.1125 0.20572916666666666 0.051562500000000004 0.04895833333333333
0 0.296875 0.1625 0.040625 0.06041666666666667
0 0.46953125 0.5229166666666667 0.09375 0.13125
0 0.5390625 0.5291666666666667 0.051562500000000004 0.05416666666666667
0 0.5691406250000001 0.4734375 0.05078125 0.065625
0 0.544921875 0.043229166666666666 0.06328125 0.08229166666666667
0 0.7878906250000001 0.37083333333333335 0.07421875 0.11875
0 0.578125 0.7770833333333333 0.051562500000000004 0.04583333333333333
0 0.456640625 0.6369791666666667 0.05078125 0.071875
0 0.3515625 0.9447916666666667 0.0484375 0.06041666666666667
0 0.39453125 0.19010416666666666 0.045312500000000006 0.053125
