0 0.01953125 0.075 0.037500000000000006 0.10625
0 0.26601562500000003 0.03958333333333333 0.11015625000000001 0.07708333333333334
0 0.370703125 0.028125 0.10703125000000001 0.05416666666666667
0 0.9339843750000001 0.3625 0.09453125000000001 0.12916666666666665
0 0.9363281250000001 0.5526041666666667 0.10078125 0.16145833333333334
0 0.6453125000000001 0.6239583333333333 0.09375 0.12916666666666665
0 0.6843750000000001 0.5848958333333333 0.078125 0.09895833333333333
0 0.73046875 0.25625 0.0484375 0.05
0 0.55078125 0.26927083333333335 0.046875 0.06979166666666667
0 0.513671875 0.5947916666666666 0.07265625 0.11875
0 0.578515625 0.7145833333333333 0.09296875 0.13333333333333333
0 0.43398437500000003 0.7182291666666667 0.06796875000000001 0.096875
0 0.505859375 0.7078125 0.07578125000000001 0.10729166666666666
0 0.3609375 0.7229166666666667 0.084375 0.11875
0 0.23125 0.7359375 0.0859375 0.10520833333333333
0 0.28164062500000003 0.4515625 0.08984375 0.12395833333333334
0 0.039843750000000004 0.4708333333333333 0.07500000000000001 0.10208333333333333
0 0.030468750000000003 0.590625 0.059375000000000004 0.10416666666666667
0 0.16796875 0.7625 0.07500000000000001 0.1
0 0.347265625 0.16875 0.03671875 0.05
0 0.39296875000000003 0.26458333333333334 0.0421875 0.06041666666666667
0 0.18203125 0.17604166666666665 0.035937500000000004 0.05
0 0.9636718750000001 0.8963541666666667 0.07265625 0.11979166666666667
0 0.8656250000000001 0.9171874999999999 0.051562500000000004 0.109375
0 0.79453125 0.8916666666666666 0.059375000000000004 0.0875
0 0.32734375000000004 0.8619791666666666 0.05625 0.051041666666666666
