0 0.190234375 0.33958333333333335 0.07734375 0.10208333333333333
0 0.374609375 0.4453125 0.08515625 0.11354166666666667
0 0.21875 0.5479166666666666 0.0765625 0.10416666666666667
0 0.130859375 0.5625 0.057031250000000006 0.09375
0 0.09062500000000001 0.5947916666666666 0.06406250000000001 0.0875
0 0.31562500000000004 0.54375 0.0890625 0.11458333333333333
0 0.315234375 0.6567708333333333 0.08671875000000001 0.11145833333333333
0 0.267578125 0.7369791666666666 0.09453125000000001 0.121875
0 0.649609375 0.8989583333333333 0.08359375000000001 0.10416666666666667
0 0.76484375 0.7197916666666666 0.08281250000000001 0.11041666666666666
0 0.8609375 0.675 0.078125 0.0875
0 0.779296875 0.5020833333333333 0.08359375000000001 0.09166666666666666
0 0.9714843750000001 0.521875 0.057031250000000006 0.11041666666666666
0 0.790234375 0.19166666666666665 0.08828125 0.12083333333333333
0 0.71484375 0.20781249999999998 0.08750000000000001 0.14270833333333333
0 0.8894531250000001 0.09322916666666667 0.09296875 0.121875
0 0.17148437500000002 0.078125 0.04296875 0.04375
