0 0.01953125 0.5208333333333334 0.037500000000000006 0.1
0 0.08984375 0.7567708333333333 0.078125 0.096875
0 0.30312500000000003 0.684375 0.0921875 0.11666666666666667
0 0.405859375 0.6625 0.09140625000000001 0.11875
0 0.334765625 0.17604166666666665 0.05078125 0.06666666666666667
0 0.48476562500000003 0.03958333333333333 0.08515625 0.07708333333333334
0 0.3984375 0.04635416666666667 0.0859375 0.084375
0 0.5574218750000001 0.26875 0.05078125 0.06458333333333333
0 0.831640625 0.5359375 0.08046875 0.109375
0 0.7855468750000001 0.7083333333333334 0.08984375 0.11666666666666667
0 0.649609375 0.7052083333333333 0.08671875000000001 0.13125
0 0.70859375 0.7479166666666667 0.07187500000000001 0.11875
0 0.6082031250000001 0.7489583333333333 0.07734375 0.11666666666666667
0 0.54609375 0.7208333333333333 0.0734375 0.10625
0 0.9832031250000001 0.5447916666666667 0.03359375 0.13958333333333334
0 0.9832031250000001 0.403125 0.03359375 0.09166666666666666
0 0.71875 0.21666666666666667 0.021875000000000002 0.03125
0 0.7203125 0.2421875 0.025 0.028125
0 0.700390625 0.2265625 0.017968750000000002 0.03229166666666666
0 0.7386718750000001 0.2296875 0.02109375 0.028125
0 0.480078125 0.30052083333333335 0.02421875 0.030208333333333334
0 0.253125 0.28802083333333334 0.03125 0.05520833333333333
0 0.28359375000000003 0.18697916666666667 0.045312500000000006 0.057291666666666664
