0 0.10898437500000001 0.06354166666666666 0.11796875000000001 0.10416666666666667
0 0.416015625 0.04114583333333333 0.09921875000000001 0.08020833333333333
0 0.5242187500000001 0.0265625 0.1125 0.051041666666666666
0 0.401171875 0.45416666666666666 0.08984375 0.12083333333333333
0 0.63984375 0.6020833333333333 0.08281250000000001 0.10833333333333334
0 0.76875 0.6307291666666667 0.1015625 0.121875
0 0.7058593750000001 0.7203125 0.09296875 0.13854166666666667
0 0.6316406250000001 0.7140625 0.08984375 0.096875
0 0.5578125 0.7359375 0.07187500000000001 0.10729166666666666
0 0.47734375 0.7375 0.096875 0.11041666666666666
0 0.34492187500000004 0.7427083333333333 0.08515625 0.0875
0 0.27265625 0.7776041666666667 0.0921875 0.11145833333333333
0 0.146875 0.4796875 0.0765625 0.103125
0 0.035937500000000004 0.5567708333333333 0.0703125 0.10104166666666667
0 0.023046875 0.6635416666666667 0.04453125 0.09791666666666667
0 0.050390625 0.8395833333333333 0.06640625 0.07291666666666667
0 0.04609375 0.928125 0.0578125 0.09583333333333333
0 0.17890625000000002 0.7947916666666667 0.0421875 0.0625
0 0.16875 0.6552083333333333 0.07187500000000001 0.09166666666666666
0 0.603125 0.275 0.046875 0.05416666666666667
0 0.296875 0.19270833333333334 0.043750000000000004 0.058333333333333334
0 0.22773437500000002 0.225 0.04296875 0.035416666666666666
0 0.228515625 0.17604166666666665 0.04296875 0.035416666666666666
0 0.255078125 0.140625 0.03359375 0.03958333333333333
0 0.5925781250000001 0.6286458333333333 0.06328125 0.103125
0 0.88203125 0.8901041666666667 0.06875 0.08020833333333333
0 0.925390625 0.8083333333333333 0.047656250000000004 0.07708333333333334
0 0.38710937500000003 0.875 0.05859375 0.06458333333333333
0 0.13671875 0.8354166666666667 0.040625 0.04583333333333333
