0 0.353515625 0.16302083333333334 0.07734375 0.10520833333333333
0 0.6101562500000001 0.2796875 0.0546875 0.06145833333333333
0 0.7371093750000001 0.0171875 0.10859375 0.03229166666666666
0 0.7312500000000001 0.052083333333333336 0.08281250000000001 0.04791666666666666
0 0.9476562500000001 0.0359375 0.084375 0.06979166666666667
0 0.96640625 0.5484375 0.0671875 0.134375
0 0.9703125 0.7114583333333333 0.059375000000000004 0.12291666666666666
0 0.8578125000000001 0.6994791666666667 0.08125 0.096875
0 0.603125 0.7 0.0859375 0.11458333333333333
0 0.52109375 0.74375 0.1046875 0.13333333333333333
0 0.090234375 0.6375 0.09140625000000001 0.12291666666666666
0 0.08984375 0.7479166666666667 0.08125 0.10208333333333333
0 0.23984375000000002 0.9520833333333333 0.084375 0.08333333333333333
0 0.032031250000000004 0.6802083333333333 0.0625 0.12291666666666666
0 0.295703125 0.165625 0.07265625 0.10625
0 0.29531250000000003 0.06145833333333333 0.0765625 0.09375
0 0.169921875 0.071875 0.09609375 0.11875
0 0.70234375 0.93125 0.043750000000000004 0.05625
0 0.925 0.9546875 0.0671875 0.065625
