0 0.033203125 0.07447916666666667 0.06484375 0.10729166666666666
0 0.21250000000000002 0.31979166666666664 0.0390625 0.05
0 0.037109375 0.6854166666666667 0.06328125 0.08541666666666667
0 0.35273437500000004 0.5927083333333333 0.09140625000000001 0.11875
0 0.5125000000000001 0.3890625 0.084375 0.09895833333333333
0 0.539453125 0.10364583333333333 0.09296875 0.11145833333333333
0 0.62421875 0.08645833333333333 0.09531250000000001 0.12291666666666666
0 0.7093750000000001 0.08645833333333333 0.07500000000000001 0.13958333333333334
0 0.856640625 0.058854166666666666 0.07578125000000001 0.11562499999999999
0 0.903515625 0.16510416666666666 0.08671875000000001 0.140625
0 0.791015625 0.10677083333333333 0.08359375000000001 0.11145833333333333
0 0.6214843750000001 0.6755208333333333 0.07578125000000001 0.103125
0 0.5496093750000001 0.6010416666666667 0.08203125 0.10208333333333333
0 0.503515625 0.5333333333333333 0.03828125 0.04583333333333333
0 0.30117187500000003 0.9526041666666667 0.039843750000000004 0.040625
0 0.5847656250000001 0.8192708333333333 0.049218750000000006 0.051041666666666666
0 0.531640625 0.8739583333333333 0.04609375 0.06666666666666667
0 0.7503906250000001 0.8151041666666666 0.05390625 0.06145833333333333
0 0.984375 0.2598958333333333 0.028125 0.06979166666666667
0 0.46210937500000004 0.4015625 0.02890625 0.036458333333333336
