0 0.062109375 0.3328125 0.11640625 0.159375
0 0.174609375 0.3536458333333333 0.11328125 0.184375
0 0.181640625 0.0609375 0.09921875000000001 0.10729166666666666
0 0.56953125 0.07083333333333333 0.11093750000000001 0.12291666666666666
0 0.7671875 0.078125 0.08750000000000001 0.12708333333333333
0 0.8558593750000001 0.1265625 0.10546875 0.16354166666666667
0 0.7292968750000001 0.23906249999999998 0.04453125 0.04895833333333333
0 0.6199218750000001 0.7708333333333334 0.09921875000000001 0.14791666666666667
0 0.70703125 0.8135416666666666 0.084375 0.13333333333333333
0 0.9046875000000001 0.6145833333333334 0.065625 0.11666666666666667
0 0.9703125 0.728125 0.0546875 0.11875
0 0.8617187500000001 0.709375 0.07500000000000001 0.10416666666666667
0 0.6648437500000001 0.9015624999999999 0.0390625 0.059375
0 0.5554687500000001 0.9645833333333333 0.0484375 0.06458333333333333
0 0.49726562500000004 0.9651041666666667 0.05078125 0.06354166666666666
0 0.326171875 0.7489583333333333 0.11484375000000001 0.15416666666666667
0 0.21054687500000002 0.746875 0.10078125 0.13125
0 0.278125 0.6479166666666667 0.059375000000000004 0.0625
0 0.2609375 0.2916666666666667 0.045312500000000006 0.041666666666666664
0 0.255859375 0.23958333333333334 0.03828125 0.05416666666666667
0 0.0140625 0.24010416666666667 0.026562500000000003 0.042708333333333334
