0 0.06953125 0.10833333333333334 0.10312500000000001 0.12708333333333333
0 0.29531250000000003 0.0703125 0.11093750000000001 0.128125
0 0.47304687500000003 0.16875 0.08046875 0.11041666666666666
0 0.408984375 0.16458333333333333 0.06796875000000001 0.11666666666666667
0 0.41718750000000004 0.057812499999999996 0.0859375 0.090625
0 0.864453125 0.0296875 0.10546875 0.057291666666666664
0 0.9617187500000001 0.7067708333333333 0.0765625 0.10729166666666666
0 0.726171875 0.7015625 0.08671875000000001 0.109375
0 0.645703125 0.7489583333333333 0.09453125000000001 0.11875
0 0.3328125 0.9640624999999999 0.0890625 0.065625
0 0.18906250000000002 0.7682291666666666 0.08125 0.10729166666666666
0 0.19453125000000002 0.6526041666666667 0.09062500000000001 0.12395833333333334
0 0.11679687500000001 0.6953125 0.09453125000000001 0.13229166666666667
0 0.1265625 0.7890625 0.060937500000000006 0.09895833333333333
0 0.24570312500000002 0.9473958333333333 0.022656250000000003 0.026041666666666668
0 0.43359375 0.7348958333333333 0.018750000000000003 0.021875
0 0.6625000000000001 0.2838541666666667 0.046875 0.065625
