0 0.13671875 0.240625 0.1 0.13541666666666666
0 0.23359375000000002 0.14635416666666667 0.1078125 0.11979166666666667
0 0.27968750000000003 0.271875 0.11093750000000001 0.13333333333333333
0 0.6136718750000001 0.0453125 0.09296875 0.08854166666666667
0 0.70625 0.033854166666666664 0.1015625 0.065625
0 0.913671875 0.4901041666666667 0.10234375000000001 0.12395833333333334
0 0.784375 0.5895833333333333 0.09375 0.13958333333333334
0 0.21445312500000002 0.6369791666666667 0.10703125000000001 0.121875
0 0.05234375 0.5390625 0.0921875 0.11145833333333333
0 0.030859375 0.353125 0.06015625 0.09791666666666667
0 0.15351562500000002 0.8786458333333333 0.07890625000000001 0.09895833333333333
0 0.21015625000000002 0.9395833333333333 0.084375 0.11041666666666666
0 0.8285156250000001 0.8354166666666667 0.057031250000000006 0.08541666666666667
0 0.8542968750000001 0.1203125 0.08828125 0.103125
