0 0.23671875 0.5854166666666667 0.0890625 0.11666666666666667
0 0.39609375 0.3796875 0.084375 0.10104166666666667
0 0.41953125 0.1 0.0859375 0.11875
0 0.5046875000000001 0.08020833333333333 0.09531250000000001 0.12708333333333333
0 0.4921875 0.17135416666666667 0.08750000000000001 0.08854166666666667
0 0.595703125 0.08020833333333333 0.07265625 0.125
0 0.68515625 0.09635416666666667 0.07968750000000001 0.11562499999999999
0 0.7464843750000001 0.05416666666666667 0.08359375000000001 0.09791666666666667
0 0.794921875 0.1546875 0.09453125000000001 0.128125
0 0.948828125 0.2557291666666667 0.03515625 0.06354166666666666
0 0.9125000000000001 0.24166666666666667 0.034375 0.06041666666666667
0 0.9070312500000001 0.2890625 0.0484375 0.06145833333333333
0 0.507421875 0.6666666666666666 0.08203125 0.10833333333333334
0 0.43476562500000004 0.5921875 0.08515625 0.109375
0 0.47500000000000003 0.8640625 0.053125000000000006 0.065625
0 0.5222656250000001 0.8119791666666667 0.041406250000000006 0.05520833333333333
0 0.6976562500000001 0.8088541666666667 0.0578125 0.06979166666666667
