0 0.38203125000000004 0.2739583333333333 0.10312500000000001 0.15208333333333332
0 0.47773437500000004 0.2505208333333333 0.08359375000000001 0.11979166666666667
0 0.1609375 0.22447916666666667 0.09531250000000001 0.12604166666666666
0 0.6156250000000001 0.47812499999999997 0.08750000000000001 0.11458333333333333
0 0.5339843750000001 0.5140625 0.08828125 0.11145833333333333
0 0.646484375 0.584375 0.07421875 0.10625
0 0.523046875 0.6317708333333333 0.09453125000000001 0.109375
0 0.44140625 0.5927083333333333 0.078125 0.11875
0 0.35976562500000003 0.5729166666666666 0.09296875 0.13125
0 0.57421875 0.796875 0.08125 0.11666666666666667
0 0.602734375 0.9328124999999999 0.08203125 0.09479166666666666
0 0.28125 0.3458333333333333 0.096875 0.11041666666666666
0 0.257421875 0.178125 0.06640625 0.1
