0 0.2546875 0.0953125 0.0765625 0.11770833333333333
0 0.39960937500000004 0.05364583333333333 0.08984375 0.10520833333333333
0 0.384375 0.3302083333333333 0.0765625 0.09583333333333333
0 0.353515625 0.44635416666666666 0.08984375 0.10520833333333333
0 0.43671875000000004 0.7192708333333333 0.09062500000000001 0.11145833333333333
0 0.744140625 0.6807291666666666 0.07109375 0.109375
0 0.6585937500000001 0.7807291666666667 0.07968750000000001 0.103125
0 0.5964843750000001 0.7005208333333334 0.07734375 0.09895833333333333
0 0.8875000000000001 0.18072916666666666 0.09375 0.13229166666666667
0 0.8035156250000001 0.16458333333333333 0.07265625 0.10208333333333333
0 0.9421875000000001 0.6489583333333333 0.07968750000000001 0.11041666666666666
0 0.8777343750000001 0.6557291666666667 0.07890625000000001 0.09270833333333334
0 0.87109375 0.8328125 0.07500000000000001 0.10729166666666666
0 0.1328125 0.4125 0.07500000000000001 0.08958333333333333
