0 0.071484375 0.2171875 0.03828125 0.05520833333333333
0 0.109765625 0.20729166666666665 0.04609375 0.058333333333333334
0 0.055078125000000006 0.058854166666666666 0.03359375 0.046875
0 0.298828125 0.16510416666666666 0.049218750000000006 0.057291666666666664
0 0.4 0.1921875 0.0546875 0.06145833333333333
0 0.30312500000000003 0.20989583333333334 0.035937500000000004 0.034375
0 0.11640625 0.28125 0.0390625 0.05
0 0.15703125 0.5963541666666666 0.0734375 0.11354166666666667
0 0.22890625 0.5984375 0.07500000000000001 0.11145833333333333
0 0.47187500000000004 0.5229166666666667 0.0921875 0.11875
0 0.39453125 0.5604166666666667 0.051562500000000004 0.06458333333333333
0 0.57734375 0.7760416666666666 0.0390625 0.052083333333333336
0 0.8933593750000001 0.5526041666666667 0.07578125000000001 0.09895833333333333
0 0.7839843750000001 0.37083333333333335 0.09453125000000001 0.11458333333333333
0 0.6628906250000001 0.4942708333333333 0.07890625000000001 0.121875
0 0.53671875 0.5229166666666667 0.0484375 0.06041666666666667
0 0.56875 0.4666666666666667 0.0484375 0.07083333333333333
0 0.547265625 0.865625 0.04296875 0.058333333333333334
0 0.42695312500000004 0.8354166666666667 0.03828125 0.06041666666666667
0 0.46640625 0.8442708333333333 0.046875 0.057291666666666664
0 0.366015625 0.8145833333333333 0.05078125 0.0625
0 0.35195312500000003 0.9484374999999999 0.05234375 0.059375
0 0.24960937500000002 0.9708333333333333 0.07109375 0.058333333333333334
0 0.1234375 0.8302083333333333 0.040625 0.06875
0 0.059375000000000004 0.6828125 0.0765625 0.103125
0 0.03125 0.8947916666666667 0.060937500000000006 0.08958333333333333
0 0.509375 0.6989583333333333 0.021875000000000002 0.027083333333333334
0 0.5265625 0.684375 0.021875000000000002 0.03333333333333333
0 0.47500000000000003 0.6348958333333333 0.037500000000000006 0.040625
0 0.431640625 0.6645833333333333 0.02421875 0.035416666666666666
0 0.619140625 0.6619791666666667 0.02421875 0.034375
0 0.6316406250000001 0.6171875 0.025781250000000002 0.040625
