0 0.5140625 0.3927083333333333 0.08750000000000001 0.10833333333333334
0 0.5421875 0.10208333333333333 0.0859375 0.11666666666666667
0 0.6218750000000001 0.0875 0.09531250000000001 0.12083333333333333
0 0.7054687500000001 0.08802083333333333 0.08125 0.128125
0 0.858984375 0.059895833333333336 0.08515625 0.11354166666666667
0 0.79609375 0.10052083333333334 0.084375 0.10729166666666666
0 0.9070312500000001 0.16875 0.0921875 0.13958333333333334
0 0.6203125 0.6807291666666666 0.0734375 0.11354166666666667
0 0.552734375 0.6020833333333333 0.09140625000000001 0.11458333333333333
0 0.35273437500000004 0.5916666666666667 0.08515625 0.12083333333333333
0 0.501171875 0.5364583333333334 0.039843750000000004 0.0625
0 0.0390625 0.6869791666666667 0.07187500000000001 0.10104166666666667
0 0.015234375000000001 0.9286458333333333 0.02890625 0.03854166666666667
0 0.30000000000000004 0.9572916666666667 0.035937500000000004 0.05625
0 0.534765625 0.8734375 0.05078125 0.06354166666666666
0 0.583984375 0.821875 0.04296875 0.06041666666666667
0 0.75 0.8104166666666667 0.0484375 0.06666666666666667
0 0.213671875 0.3234375 0.041406250000000006 0.05520833333333333
0 0.253515625 0.32916666666666666 0.03828125 0.058333333333333334
0 0.030859375 0.07447916666666667 0.06015625 0.11354166666666667
0 0.606640625 0.1796875 0.06484375 0.090625
0 0.9828125000000001 0.26197916666666665 0.034375 0.071875
0 0.905859375 0.275 0.05078125 0.06666666666666667
