0 0.1 0.07239583333333333 0.09062500000000001 0.12395833333333334
0 0.41835937500000003 0.04375 0.11171875 0.08541666666666667
0 0.5242187500000001 0.030729166666666665 0.1015625 0.059375
0 0.45 0.178125 0.035937500000000004 0.052083333333333336
0 0.40078125000000003 0.45677083333333335 0.08750000000000001 0.11145833333333333
0 0.603515625 0.278125 0.047656250000000004 0.06041666666666667
0 0.296875 0.19427083333333334 0.040625 0.046875
0 0.31171875000000004 0.2526041666666667 0.0421875 0.046875
0 0.637890625 0.6010416666666667 0.07734375 0.11458333333333333
0 0.7660156250000001 0.6286458333333333 0.08984375 0.12604166666666666
0 0.802734375 0.5859375 0.06953125 0.103125
0 0.78671875 0.7083333333333334 0.065625 0.08541666666666667
0 0.7046875 0.7182291666666667 0.09531250000000001 0.128125
0 0.630078125 0.7114583333333333 0.08515625 0.12291666666666666
0 0.558984375 0.7276041666666666 0.07734375 0.09895833333333333
0 0.48085937500000003 0.7328125 0.09765625 0.11979166666666667
0 0.341796875 0.7416666666666667 0.08046875 0.10416666666666667
0 0.269140625 0.7864583333333334 0.08046875 0.10416666666666667
0 0.143359375 0.48020833333333335 0.07734375 0.10208333333333333
0 0.16484375 0.6541666666666667 0.0671875 0.09166666666666666
0 0.117578125 0.6109375 0.06796875000000001 0.096875
0 0.037109375 0.5609375 0.07265625 0.096875
0 0.025781250000000002 0.6614583333333334 0.05 0.08958333333333333
0 0.053125000000000006 0.8479166666666667 0.0734375 0.0875
0 0.17343750000000002 0.7958333333333333 0.035937500000000004 0.05625
0 0.13789062500000002 0.8364583333333333 0.03515625 0.05416666666666667
0 0.051953125 0.9276041666666667 0.07109375 0.090625
0 0.38710937500000003 0.8776041666666666 0.05234375 0.06354166666666666
0 0.255859375 0.14166666666666666 0.039843750000000004 0.0375
0 0.22617187500000002 0.22395833333333334 0.03671875 0.04791666666666666
0 0.22578125000000002 0.17604166666666665 0.034375 0.03958333333333333
0 0.31640625 0.050520833333333334 0.028125 0.04895833333333333
0 0.88203125 0.8921875 0.0703125 0.09270833333333334
