0 0.274609375 0.22760416666666666 0.09453125000000001 0.12604166666666666
0 0.41054687500000003 0.35625 0.08984375 0.11458333333333333
0 0.5125000000000001 0.2739583333333333 0.1078125 0.13958333333333334
0 0.6058593750000001 0.26510416666666664 0.08046875 0.13854166666666667
0 0.5609375 0.04583333333333333 0.1234375 0.08958333333333333
0 0.38398437500000004 0.1765625 0.09765625 0.10729166666666666
0 0.74140625 0.4828125 0.084375 0.11145833333333333
0 0.6609375000000001 0.5171875 0.0921875 0.121875
0 0.571484375 0.5932291666666667 0.06953125 0.11770833333333333
0 0.6484375 0.64375 0.09531250000000001 0.11875
0 0.487890625 0.5734375 0.09296875 0.12604166666666666
0 0.35859375000000004 0.634375 0.0859375 0.10625
0 0.294921875 0.571875 0.06796875000000001 0.09791666666666667
0 0.7078125000000001 0.9447916666666667 0.109375 0.09375
0 0.6707031250000001 0.8020833333333334 0.08046875 0.10416666666666667
0 0.309375 0.9036458333333334 0.07187500000000001 0.09270833333333334
