0 0.21875 0.5703125 0.07968750000000001 0.090625
0 0.36171875000000003 0.54375 0.08125 0.11041666666666666
0 0.315234375 0.5854166666666667 0.06640625 0.11666666666666667
0 0.291015625 0.8333333333333334 0.08828125 0.11666666666666667
0 0.23164062500000002 0.8109375 0.057031250000000006 0.08854166666666667
0 0.198046875 0.7026041666666667 0.07578125000000001 0.11145833333333333
0 0.1046875 0.725 0.0171875 0.027083333333333334
0 0.09140625000000001 0.7177083333333333 0.0171875 0.029166666666666667
0 0.11992187500000001 0.725 0.02109375 0.03125
0 0.15585937500000002 0.778125 0.022656250000000003 0.03333333333333333
0 0.15781250000000002 0.7057291666666666 0.021875000000000002 0.028125
0 0.45546875000000003 0.2505208333333333 0.043750000000000004 0.06354166666666666
0 0.36875 0.28125 0.046875 0.06458333333333333
0 0.47187500000000004 0.1296875 0.043750000000000004 0.051041666666666666
0 0.47773437500000004 0.06666666666666667 0.049218750000000006 0.06458333333333333
0 0.318359375 0.9666666666666667 0.02734375 0.029166666666666667
0 0.84140625 0.49166666666666664 0.0859375 0.11666666666666667
0 0.775 0.43697916666666664 0.06875 0.109375
0 0.9792968750000001 0.46510416666666665 0.03828125 0.10729166666666666
0 0.833984375 0.5984375 0.02421875 0.03854166666666667
