0 0.20273437500000002 0.20572916666666666 0.09296875 0.11979166666666667
0 0.24140625000000002 0.053125 0.1125 0.10208333333333333
0 0.35546875 0.14375 0.10625000000000001 0.13125
0 0.43046875 0.34375 0.08125 0.12708333333333333
0 0.37812500000000004 0.4203125 0.12187500000000001 0.12395833333333334
0 0.628125 0.5619791666666667 0.11406250000000001 0.14479166666666665
0 0.5554687500000001 0.6895833333333333 0.09062500000000001 0.12291666666666666
0 0.654296875 0.6682291666666667 0.10234375000000001 0.11145833333333333
0 0.6238281250000001 0.7796875 0.10234375000000001 0.13229166666666667
0 0.569921875 0.875 0.09609375 0.12291666666666666
0 0.455078125 0.9010416666666666 0.08359375000000001 0.1125
0 0.378515625 0.9291666666666667 0.10234375000000001 0.11875
0 0.140625 0.5703125 0.08750000000000001 0.10729166666666666
0 0.21015625000000002 0.5703125 0.059375000000000004 0.11562499999999999
0 0.767578125 0.9192708333333334 0.05390625 0.065625
