0 0.22734375 0.36822916666666666 0.07187500000000001 0.10520833333333333
0 0.2015625 0.4661458333333333 0.07187500000000001 0.10104166666666667
0 0.17929687500000002 0.5739583333333333 0.07734375 0.1
0 0.283203125 0.5578125 0.06328125 0.090625
0 0.255859375 0.7453125 0.07109375 0.096875
0 0.21953125 0.8729166666666667 0.06406250000000001 0.07708333333333334
0 0.64609375 0.9630208333333333 0.0734375 0.06770833333333333
0 0.49335937500000004 0.5479166666666666 0.07578125000000001 0.10833333333333334
0 0.4703125 0.6098958333333333 0.07187500000000001 0.09270833333333334
0 0.52734375 0.36302083333333335 0.08281250000000001 0.09895833333333333
0 0.7722656250000001 0.42135416666666664 0.07578125000000001 0.11354166666666667
0 0.7828125 0.5015625 0.07968750000000001 0.08854166666666667
0 0.9324218750000001 0.40572916666666664 0.07890625000000001 0.10520833333333333
