0 0.127734375 0.4161458333333333 0.07578125000000001 0.10104166666666667
0 0.18710937500000002 0.3833333333333333 0.06640625 0.0875
0 0.06015625 0.47552083333333334 0.065625 0.08020833333333333
0 0.11484375000000001 0.6119791666666666 0.06406250000000001 0.09895833333333333
0 0.38984375000000004 0.5791666666666666 0.051562500000000004 0.07291666666666667
0 0.5203125000000001 0.5494791666666666 0.0859375 0.121875
0 0.59296875 0.5473958333333333 0.08281250000000001 0.11354166666666667
0 0.7191406250000001 0.515625 0.07421875 0.08958333333333333
0 0.7796875000000001 0.6046875 0.06875 0.10104166666666667
0 0.8855468750000001 0.6291666666666667 0.08671875000000001 0.11458333333333333
0 0.823828125 0.7104166666666667 0.07109375 0.1
0 0.7718750000000001 0.8703124999999999 0.0671875 0.10104166666666667
0 0.708984375 0.8958333333333334 0.06640625 0.075
0 0.6257812500000001 0.85 0.06875 0.0875
0 0.599609375 0.9776041666666666 0.07109375 0.04479166666666667
0 0.5144531250000001 0.865625 0.03671875 0.04791666666666666
0 0.44648437500000004 0.4088541666666667 0.08828125 0.11145833333333333
0 0.9187500000000001 0.35833333333333334 0.07968750000000001 0.13958333333333334
0 0.9765625 0.3609375 0.046875 0.11354166666666667
0 0.9808593750000001 0.6578125 0.03828125 0.08229166666666667
0 0.5652343750000001 0.6614583333333334 0.02734375 0.0375
