0 0.45742187500000003 0.06979166666666667 0.12421875 0.1375
0 0.5796875 0.04583333333333333 0.125 0.08958333333333333
0 0.45937500000000003 0.6177083333333333 0.1015625 0.13541666666666666
0 0.525390625 0.6166666666666667 0.05390625 0.09791666666666667
0 0.40546875000000004 0.5416666666666666 0.08281250000000001 0.10833333333333334
0 0.32539062500000004 0.5958333333333333 0.11484375000000001 0.14791666666666667
0 0.22265625 0.5911458333333334 0.09375 0.146875
0 0.244921875 0.3984375 0.11484375000000001 0.121875
0 0.1171875 0.24687499999999998 0.0421875 0.04791666666666666
0 0.04609375 0.21197916666666666 0.040625 0.046875
0 0.043359375000000006 0.615625 0.07734375 0.09375
0 0.047656250000000004 0.7197916666666666 0.0703125 0.10416666666666667
0 0.32265625000000003 0.8369791666666666 0.109375 0.14270833333333333
0 0.38789062500000004 0.9520833333333333 0.09453125000000001 0.09583333333333333
0 0.48750000000000004 0.9510416666666667 0.1 0.09791666666666667
0 0.30898437500000003 0.9557291666666666 0.07265625 0.06979166666666667
0 0.675 0.22708333333333333 0.040625 0.052083333333333336
0 0.39570312500000004 0.2708333333333333 0.04296875 0.06666666666666667
