0 0.035546875 0.14791666666666667 0.06953125 0.1375
0 0.1453125 0.06458333333333333 0.109375 0.12708333333333333
0 0.48515625 0.042708333333333334 0.09375 0.08333333333333333
0 0.6160156250000001 0.05520833333333333 0.10546875 0.10833333333333334
0 0.40390625 0.20208333333333334 0.037500000000000006 0.05416666666666667
0 0.3328125 0.23697916666666666 0.046875 0.06145833333333333
0 0.3640625 0.20833333333333334 0.0390625 0.05416666666666667
0 0.234765625 0.7317708333333334 0.09453125000000001 0.134375
0 0.390625 0.7067708333333333 0.09843750000000001 0.10520833333333333
0 0.32070312500000003 0.7442708333333333 0.07890625000000001 0.11354166666666667
0 0.482421875 0.7703125 0.09453125000000001 0.10729166666666666
0 0.57421875 0.7598958333333333 0.08281250000000001 0.11145833333333333
0 0.562890625 0.8760416666666666 0.08828125 0.10833333333333334
0 0.482421875 0.934375 0.08359375000000001 0.11041666666666666
0 0.869140625 0.6604166666666667 0.08828125 0.1125
0 0.946875 0.5786458333333333 0.08750000000000001 0.13020833333333334
0 0.7894531250000001 0.5708333333333333 0.08515625 0.12291666666666666
0 0.9773437500000001 0.27708333333333335 0.043750000000000004 0.10208333333333333
0 0.625 0.3333333333333333 0.045312500000000006 0.06458333333333333
0 0.14296875 0.7515625 0.08281250000000001 0.09895833333333333
0 0.090234375 0.640625 0.09765625 0.11666666666666667
0 0.30507812500000003 0.8953125 0.057031250000000006 0.057291666666666664
0 0.24570312500000002 0.9182291666666667 0.06015625 0.057291666666666664
