0 0.21953125 0.08333333333333333 0.07968750000000001 0.10625
0 0.37617187500000004 0.09635416666666667 0.08515625 0.12604166666666666
0 0.30859375 0.10833333333333334 0.06875 0.11041666666666666
0 0.534765625 0.05520833333333333 0.09765625 0.10833333333333334
0 0.6058593750000001 0.0515625 0.07265625 0.10104166666666667
0 0.50703125 0.3359375 0.0859375 0.084375
0 0.48203125 0.45208333333333334 0.0890625 0.1125
0 0.25234375000000003 0.41770833333333335 0.08125 0.10416666666666667
0 0.56640625 0.7286458333333333 0.0890625 0.11979166666666667
0 0.66796875 0.7171875 0.084375 0.11145833333333333
0 0.7289062500000001 0.7078125 0.07187500000000001 0.090625
0 0.859375 0.6828125 0.07187500000000001 0.11979166666666667
0 0.7859375000000001 0.778125 0.08281250000000001 0.10208333333333333
0 0.862890625 0.8635416666666667 0.07421875 0.09166666666666666
0 0.9773437500000001 0.6630208333333333 0.045312500000000006 0.121875
0 0.29726562500000003 0.9463541666666666 0.08359375000000001 0.09895833333333333
0 0.44570312500000003 0.753125 0.03828125 0.0875
0 0.366796875 0.7567708333333333 0.05234375 0.07604166666666666
0 0.15976562500000002 0.7119791666666666 0.08046875 0.090625
0 0.08554687500000001 0.7322916666666667 0.07109375 0.08958333333333333
0 0.042578125 0.5609375 0.07890625000000001 0.109375
0 0.39453125 0.16822916666666665 0.08750000000000001 0.078125
0 0.9285156250000001 0.18854166666666666 0.06640625 0.11666666666666667
0 0.6605468750000001 0.2598958333333333 0.039843750000000004 0.071875
