0 0.505859375 0.11510416666666666 0.12421875 0.159375
0 0.583203125 0.07291666666666667 0.10390625 0.1375
0 0.6605468750000001 0.057291666666666664 0.08203125 0.09791666666666667
0 0.37265625 0.10677083333333333 0.07500000000000001 0.12604166666666666
0 0.1875 0.14322916666666666 0.08281250000000001 0.13854166666666667
0 0.11992187500000001 0.06927083333333334 0.10546875 0.13229166666666667
0 0.49843750000000003 0.2911458333333333 0.05 0.065625
0 0.35078125000000004 0.2296875 0.03125 0.03854166666666667
0 0.15585937500000002 0.23854166666666665 0.03828125 0.04583333333333333
0 0.07500000000000001 0.2791666666666667 0.0390625 0.04583333333333333
0 0.12812500000000002 0.21927083333333333 0.034375 0.046875
0 0.1203125 0.5661458333333333 0.07500000000000001 0.10520833333333333
0 0.19062500000000002 0.5520833333333334 0.06875 0.12291666666666666
0 0.4625 0.5838541666666667 0.1078125 0.14270833333333333
0 0.38515625000000003 0.6703125 0.09843750000000001 0.134375
0 0.3203125 0.7588541666666666 0.1015625 0.13229166666666667
0 0.2015625 0.68125 0.07968750000000001 0.12083333333333333
0 0.8382812500000001 0.5869791666666666 0.09843750000000001 0.15104166666666666
0 0.7308593750000001 0.7083333333333334 0.09296875 0.13333333333333333
0 0.622265625 0.7213541666666666 0.11015625000000001 0.134375
0 0.5671875000000001 0.8369791666666666 0.09531250000000001 0.134375
0 0.491015625 0.7630208333333334 0.08203125 0.12604166666666666
0 0.763671875 0.9645833333333333 0.08671875000000001 0.058333333333333334
0 0.43125 0.9572916666666667 0.046875 0.04791666666666666
0 0.17304687500000002 0.9770833333333333 0.05390625 0.035416666666666666
0 0.8515625 0.28020833333333334 0.0484375 0.058333333333333334
0 0.817578125 0.31354166666666666 0.05234375 0.06458333333333333
0 0.6277343750000001 0.2484375 0.041406250000000006 0.053125
0 0.565625 0.24479166666666666 0.040625 0.04791666666666666
