0 0.019921875000000002 0.0375 0.03828125 0.07291666666666667
0 0.23828125 0.20729166666666665 0.09531250000000001 0.12916666666666665
0 0.341796875 0.08802083333333333 0.08671875000000001 0.12395833333333334
0 0.295703125 0.128125 0.055468750000000004 0.08958333333333333
0 0.4 0.08385416666666666 0.0578125 0.10520833333333333
0 0.687109375 0.030729166666666665 0.07734375 0.059375
0 0.5125000000000001 0.22708333333333333 0.043750000000000004 0.058333333333333334
0 0.478125 0.2515625 0.0421875 0.057291666666666664
0 0.5417968750000001 0.37395833333333334 0.04609375 0.058333333333333334
0 0.691015625 0.2583333333333333 0.03359375 0.05625
0 0.870703125 0.38125 0.01953125 0.022916666666666665
0 0.37578125 0.69375 0.0859375 0.11875
0 0.318359375 0.6911458333333333 0.06484375 0.103125
0 0.17578125 0.7067708333333333 0.0859375 0.10520833333333333
0 0.07773437500000001 0.7942708333333334 0.08046875 0.09895833333333333
0 0.028125 0.721875 0.051562500000000004 0.0875
0 0.38046875 0.7947916666666667 0.07968750000000001 0.08958333333333333
0 0.34609375000000003 0.8677083333333333 0.078125 0.1
0 0.26406250000000003 0.8911458333333333 0.07500000000000001 0.078125
0 0.45390625 0.7697916666666667 0.07968750000000001 0.1
0 0.508203125 0.921875 0.07890625000000001 0.1
0 0.703125 0.7572916666666667 0.078125 0.1125
0 0.5535156250000001 0.9697916666666666 0.07578125000000001 0.052083333333333336
0 0.7718750000000001 0.7109375 0.0734375 0.103125
0 0.42500000000000004 0.4973958333333333 0.040625 0.06145833333333333
