0 0.017578125 0.06822916666666666 0.03359375 0.053125
0 0.331640625 0.37083333333333335 0.08046875 0.10416666666666667
0 0.291015625 0.4734375 0.07890625000000001 0.10104166666666667
0 0.26640625 0.5796875 0.0734375 0.090625
0 0.38359375 0.5640625 0.0671875 0.09479166666666666
0 0.357421875 0.7515625 0.06953125 0.09270833333333334
0 0.315234375 0.8828125 0.06328125 0.084375
0 0.7464843750000001 0.9671875 0.06953125 0.06354166666666666
0 0.609375 0.5588541666666667 0.07968750000000001 0.11145833333333333
0 0.574609375 0.6151041666666667 0.08359375000000001 0.08854166666666667
0 0.640625 0.37083333333333335 0.08125 0.10416666666666667
0 0.88671875 0.4239583333333333 0.084375 0.10833333333333334
0 0.8921875 0.5104166666666666 0.07968750000000001 0.09375
0 0.025 0.12291666666666666 0.034375 0.05
