0 0.52734375 0.296875 0.08750000000000001 0.12083333333333333
0 0.45937500000000003 0.346875 0.078125 0.09166666666666666
0 0.4765625 0.17083333333333334 0.09375 0.12291666666666666
0 0.421484375 0.21822916666666667 0.06484375 0.10104166666666667
0 0.5734375 0.07760416666666667 0.0484375 0.06770833333333333
0 0.688671875 0.23072916666666665 0.047656250000000004 0.059375
0 0.716015625 0.2015625 0.04296875 0.04895833333333333
0 0.692578125 0.2760416666666667 0.05234375 0.06875
0 0.81015625 0.19270833333333334 0.051562500000000004 0.06458333333333333
0 0.821875 0.5484375 0.0859375 0.11770833333333333
0 0.34296875000000004 0.8052083333333333 0.0921875 0.12083333333333333
0 0.466796875 0.8984375 0.07890625000000001 0.109375
0 0.34375 0.5286458333333334 0.06875 0.090625
0 0.71640625 0.146875 0.045312500000000006 0.05416666666666667
0 0.6921875000000001 0.0859375 0.045312500000000006 0.057291666666666664
0 0.6804687500000001 0.6036458333333333 0.0671875 0.10729166666666666
