0 0.47695312500000003 0.5276041666666667 0.07734375 0.11979166666666667
0 0.5375 0.5291666666666667 0.045312500000000006 0.05625
0 0.5734375 0.47812499999999997 0.0625 0.06875
0 0.299609375 0.16145833333333334 0.04609375 0.06041666666666667
0 0.295703125 0.21302083333333333 0.05390625 0.040625
0 0.390625 0.20677083333333332 0.0578125 0.08020833333333333
0 0.17304687500000002 0.2265625 0.049218750000000006 0.065625
0 0.06875 0.2203125 0.043750000000000004 0.06145833333333333
0 0.577734375 0.7760416666666666 0.041406250000000006 0.05
0 0.784765625 0.371875 0.07578125000000001 0.1125
0 0.366796875 0.8161458333333333 0.04453125 0.06354166666666666
0 0.43046875 0.8375 0.045312500000000006 0.0625
