0 0.35078125000000004 0.165625 0.0859375 0.10833333333333334
0 0.610546875 0.28229166666666666 0.04296875 0.06458333333333333
0 0.731640625 0.018229166666666668 0.11171875 0.034375
0 0.9500000000000001 0.034895833333333334 0.07968750000000001 0.06770833333333333
0 0.9597656250000001 0.5479166666666666 0.07109375 0.125
0 0.8562500000000001 0.7005208333333334 0.09062500000000001 0.096875
0 0.6046875 0.703125 0.09843750000000001 0.11041666666666666
0 0.519921875 0.7427083333333333 0.09296875 0.11875
0 0.090234375 0.6453125 0.08515625 0.11979166666666667
0 0.08203125 0.7578125 0.0765625 0.128125
