0 0.107421875 0.221875 0.04296875 0.05625
0 0.148046875 0.21302083333333333 0.03359375 0.05520833333333333
0 0.263671875 0.14166666666666666 0.039843750000000004 0.058333333333333334
0 0.58984375 0.5359375 0.08125 0.12395833333333334
0 0.6359375 0.7786458333333334 0.045312500000000006 0.04479166666666667
0 0.48359375000000004 0.8416666666666667 0.045312500000000006 0.0625
0 0.27773437500000003 0.6041666666666666 0.07109375 0.09166666666666666
0 0.15234375 0.28541666666666665 0.045312500000000006 0.04375
0 0.078125 0.5692708333333333 0.07500000000000001 0.08020833333333333
0 0.45 0.196875 0.059375000000000004 0.06458333333333333
0 0.34609375000000003 0.7 0.046875 0.05416666666666667
