0 0.2109375 0.1859375 0.08125 0.10729166666666666
0 0.536328125 0.0953125 0.07109375 0.09895833333333333
0 0.7308593750000001 0.08072916666666667 0.08828125 0.11354166666666667
0 0.673828125 0.271875 0.07578125000000001 0.10416666666666667
0 0.6292968750000001 0.26458333333333334 0.047656250000000004 0.09583333333333333
0 0.874609375 0.17291666666666666 0.06640625 0.1
0 0.6667968750000001 0.5677083333333334 0.07265625 0.1125
0 0.7835937500000001 0.6354166666666666 0.06406250000000001 0.1
0 0.7410156250000001 0.66875 0.06484375 0.08541666666666667
0 0.851171875 0.7442708333333333 0.039843750000000004 0.057291666666666664
0 0.9832031250000001 0.7755208333333333 0.03359375 0.09479166666666666
0 0.278515625 0.6125 0.07109375 0.10416666666666667
0 0.056640625 0.634375 0.07578125000000001 0.10208333333333333
0 0.255078125 0.23802083333333332 0.041406250000000006 0.053125
0 0.278515625 0.20677083333333332 0.05234375 0.06354166666666666
0 0.32421875 0.7734375 0.025 0.030208333333333334
0 0.35273437500000004 0.7796875 0.022656250000000003 0.03229166666666666
0 0.50546875 0.8057291666666666 0.0203125 0.028125
0 0.534375 0.828125 0.0203125 0.029166666666666667
0 0.5496093750000001 0.81875 0.01953125 0.027083333333333334
0 0.587109375 0.6739583333333333 0.01640625 0.029166666666666667
0 0.6121093750000001 0.6848958333333334 0.017968750000000002 0.02395833333333333
0 0.5398437500000001 0.8744791666666667 0.0203125 0.026041666666666668
0 0.534375 0.9421875 0.018750000000000003 0.02395833333333333
0 0.33203125 0.24375 0.018750000000000003 0.027083333333333334
0 0.388671875 0.22552083333333334 0.01953125 0.02395833333333333
0 0.35546875 0.190625 0.018750000000000003 0.025
0 0.34218750000000003 0.20052083333333334 0.018750000000000003 0.026041666666666668
