0 0.1078125 0.5791666666666666 0.084375 0.12916666666666665
0 0.19101562500000002 0.5963541666666666 0.07109375 0.08854166666666667
0 0.28828125 0.5807291666666666 0.0734375 0.10520833333333333
0 0.46015625000000004 0.5369791666666667 0.1 0.11354166666666667
0 0.5417968750000001 0.4869791666666667 0.08359375000000001 0.128125
0 0.68125 0.39947916666666666 0.07500000000000001 0.11354166666666667
0 0.7800781250000001 0.3546875 0.08984375 0.12395833333333334
0 0.9140625 0.2505208333333333 0.0921875 0.13645833333333332
0 0.9789062500000001 0.23645833333333333 0.037500000000000006 0.13333333333333333
0 0.9320312500000001 0.4796875 0.096875 0.11354166666666667
0 0.9402343750000001 0.5583333333333333 0.04453125 0.041666666666666664
0 0.7542968750000001 0.4953125 0.07109375 0.08645833333333333
0 0.7253906250000001 0.6432291666666666 0.08046875 0.103125
0 0.62421875 0.61875 0.07500000000000001 0.0875
0 0.66171875 0.7822916666666666 0.0484375 0.058333333333333334
0 0.273046875 0.7026041666666667 0.07109375 0.10520833333333333
0 0.30234375 0.7453125 0.07500000000000001 0.103125
0 0.22578125000000002 0.7401041666666667 0.07187500000000001 0.10104166666666667
0 0.303515625 0.9135416666666667 0.07578125000000001 0.10625
0 0.378515625 0.9526041666666667 0.08828125 0.090625
0 0.4109375 0.91875 0.0734375 0.09166666666666666
0 0.8304687500000001 0.06354166666666666 0.096875 0.12291666666666666
0 0.779296875 0.0734375 0.06015625 0.11770833333333333
0 0.32656250000000003 0.03125 0.0328125 0.05
0 0.298828125 0.06510416666666667 0.025781250000000002 0.03854166666666667
0 0.19101562500000002 0.19895833333333332 0.04296875 0.06875
0 0.101953125 0.9744791666666667 0.06953125 0.046875
0 0.18203125 0.9348958333333334 0.046875 0.06354166666666666
0 0.11093750000000001 0.8182291666666667 0.046875 0.04479166666666667
0 0.458984375 0.6598958333333333 0.02421875 0.03229166666666666
0 0.4375 0.5979166666666667 0.045312500000000006 0.04583333333333333
0 0.39687500000000003 0.6489583333333333 0.0203125 0.027083333333333334
0 0.33203125 0.5723958333333333 0.015625 0.028125
0 0.43125 0.4119791666666667 0.029687500000000002 0.046875
0 0.351171875 0.40520833333333334 0.041406250000000006 0.04375
0 0.31328125 0.39479166666666665 0.040625 0.05
0 0.328125 0.14270833333333333 0.037500000000000006 0.041666666666666664
0 0.51015625 0.22395833333333334 0.03125 0.03958333333333333
0 0.6234375000000001 0.2328125 0.021875000000000002 0.03229166666666666
