0 0.347265625 0.16979166666666667 0.08671875000000001 0.12916666666666665
0 0.31679687500000003 0.22708333333333333 0.08359375000000001 0.11458333333333333
0 0.3953125 0.2895833333333333 0.0921875 0.12708333333333333
0 0.34218750000000003 0.3463541666666667 0.07968750000000001 0.09895833333333333
0 0.23398437500000002 0.525 0.06796875000000001 0.09583333333333333
0 0.13046875 0.528125 0.0703125 0.10208333333333333
0 0.23398437500000002 0.7942708333333334 0.09140625000000001 0.11562499999999999
0 0.35468750000000004 0.8921875 0.07968750000000001 0.10520833333333333
0 0.633984375 0.5989583333333334 0.07109375 0.1
0 0.569921875 0.6078125 0.055468750000000004 0.10520833333333333
0 0.519140625 0.6067708333333334 0.047656250000000004 0.05520833333333333
0 0.765234375 0.6588541666666666 0.07578125000000001 0.103125
0 0.784765625 0.5328125 0.06953125 0.10520833333333333
0 0.704296875 0.5411458333333333 0.07734375 0.11770833333333333
0 0.663671875 0.453125 0.06796875000000001 0.075
0 0.7265625 0.4010416666666667 0.05625 0.06458333333333333
0 0.8894531250000001 0.9442708333333333 0.06640625 0.084375
0 0.6136718750000001 0.890625 0.06015625 0.05625
0 0.6359375 0.22552083333333334 0.037500000000000006 0.059375
0 0.761328125 0.18333333333333332 0.04296875 0.0625
0 0.6703125000000001 0.140625 0.0421875 0.05416666666666667
0 0.6332031250000001 0.15260416666666665 0.039843750000000004 0.06145833333333333
0 0.6707031250000001 0.19947916666666665 0.03671875 0.059375
0 0.5789062500000001 0.11458333333333333 0.0421875 0.06041666666666667
0 0.6507812500000001 0.075 0.05 0.052083333333333336
0 0.520703125 0.18854166666666666 0.03828125 0.058333333333333334
0 0.64375 0.27291666666666664 0.0484375 0.06666666666666667
