0 0.057421875000000004 0.12864583333333332 0.08046875 0.11562499999999999
0 0.09335937500000001 0.3072916666666667 0.07734375 0.09583333333333333
0 0.34609375000000003 0.18020833333333333 0.07187500000000001 0.09791666666666667
0 0.47890625000000003 0.13802083333333334 0.08281250000000001 0.09479166666666666
0 0.540625 0.14010416666666667 0.05625 0.08854166666666667
0 0.6609375000000001 0.11458333333333333 0.06875 0.09166666666666666
0 0.6937500000000001 0.21875 0.065625 0.09583333333333333
0 0.8304687500000001 0.2015625 0.040625 0.053125
0 0.7777343750000001 0.27447916666666666 0.05078125 0.07395833333333333
0 0.9183593750000001 0.421875 0.05859375 0.08541666666666667
0 0.91328125 0.6109375 0.065625 0.090625
0 0.7894531250000001 0.6703125 0.06328125 0.09270833333333334
0 0.7296875 0.6078125 0.08125 0.10729166666666666
0 0.659375 0.5932291666666667 0.0765625 0.11145833333333333
0 0.53046875 0.5067708333333333 0.0859375 0.09895833333333333
0 0.58125 0.41770833333333335 0.078125 0.11041666666666666
0 0.39492187500000003 0.54375 0.057031250000000006 0.06666666666666667
0 0.5375 0.6026041666666666 0.08281250000000001 0.06770833333333333
0 0.49335937500000004 0.8125 0.06796875000000001 0.07708333333333334
0 0.19296875000000002 0.6557291666666667 0.0671875 0.084375
0 0.24179687500000002 0.6317708333333333 0.06015625 0.090625
0 0.087890625 0.5796875 0.06640625 0.090625
0 0.264453125 0.259375 0.049218750000000006 0.06666666666666667
0 0.203125 0.06458333333333333 0.06406250000000001 0.09166666666666666
0 0.130859375 0.828125 0.01953125 0.027083333333333334
0 0.33125000000000004 0.6244791666666667 0.0203125 0.02395833333333333
0 0.30625 0.6317708333333333 0.018750000000000003 0.02395833333333333
0 0.265625 0.7015625 0.0171875 0.026041666666666668
0 0.127734375 0.8828125 0.01953125 0.019791666666666666
0 0.09765625 0.8140625 0.018750000000000003 0.02395833333333333
0 0.134375 0.6932291666666667 0.015625 0.02395833333333333
