0 0.109765625 0.21979166666666666 0.04296875 0.06041666666666667
0 0.14921875 0.21458333333333332 0.0421875 0.0625
0 0.263671875 0.14270833333333333 0.04296875 0.0625
0 0.448046875 0.19947916666666665 0.04453125 0.059375
0 0.5796875 0.5307291666666667 0.09375 0.121875
0 0.759765625 0.49114583333333334 0.06328125 0.090625
0 0.6453125000000001 0.7942708333333334 0.059375000000000004 0.07395833333333333
0 0.48359375000000004 0.8427083333333333 0.0484375 0.06041666666666667
0 0.42304687500000004 0.8255208333333334 0.047656250000000004 0.059375
0 0.08515625 0.5864583333333333 0.08750000000000001 0.10416666666666667
