0 0.15234375 0.48802083333333335 0.07500000000000001 0.10104166666666667
0 0.225390625 0.42135416666666664 0.07890625000000001 0.11354166666666667
0 0.28515625 0.3963541666666667 0.06875 0.11145833333333333
0 0.21406250000000002 0.6213541666666667 0.0703125 0.08854166666666667
0 0.444921875 0.5848958333333333 0.04609375 0.06354166666666666
0 0.7132812500000001 0.5583333333333333 0.08750000000000001 0.12291666666666666
0 0.7269531250000001 0.8546874999999999 0.07265625 0.08645833333333333
0 0.8703125 0.8671875 0.059375000000000004 0.09895833333333333
0 0.80859375 0.9026041666666667 0.0671875 0.09479166666666666
0 0.562109375 0.4119791666666667 0.09921875000000001 0.10729166666666666
0 0.6351562500000001 0.5536458333333333 0.08281250000000001 0.11562499999999999
