0 0.224609375 0.4171875 0.08203125 0.10520833333333333
0 0.290234375 0.3885416666666667 0.06953125 0.09166666666666666
0 0.155078125 0.4828125 0.06796875000000001 0.09270833333333334
0 0.7113281250000001 0.5546875 0.07734375 0.11145833333333333
0 0.8675781250000001 0.8635416666666667 0.06171875 0.1
0 0.7296875 0.8567708333333334 0.08281250000000001 0.09270833333333334
0 0.44257812500000004 0.58125 0.05234375 0.0875
0 0.565625 0.41822916666666665 0.09062500000000001 0.11770833333333333
0 0.640625 0.5510416666666667 0.08281250000000001 0.11041666666666666
0 0.49531250000000004 0.9489583333333333 0.046875 0.052083333333333336
0 0.21171875 0.6140625 0.0859375 0.096875
