0 0.16562500000000002 0.07083333333333333 0.1 0.12083333333333333
0 0.35195312500000003 0.16197916666666667 0.07734375 0.11145833333333333
0 0.294140625 0.16302083333333334 0.06953125 0.09895833333333333
0 0.2984375 0.05572916666666666 0.07968750000000001 0.10104166666666667
0 0.73203125 0.019270833333333334 0.11093750000000001 0.036458333333333336
0 0.9500000000000001 0.034895833333333334 0.078125 0.06770833333333333
0 0.966015625 0.5463541666666667 0.06796875000000001 0.14270833333333333
0 0.96875 0.7182291666666667 0.0625 0.128125
0 0.8558593750000001 0.7005208333333334 0.07734375 0.109375
0 0.611328125 0.2786458333333333 0.05859375 0.057291666666666664
0 0.6058593750000001 0.6989583333333333 0.08671875000000001 0.10208333333333333
0 0.525 0.7427083333333333 0.0921875 0.125
0 0.087890625 0.6348958333333333 0.09296875 0.121875
0 0.09375 0.7510416666666666 0.084375 0.11041666666666666
0 0.02890625 0.6776041666666667 0.05625 0.11562499999999999
0 0.238671875 0.9552083333333333 0.06796875000000001 0.08958333333333333
0 0.70625 0.93125 0.0421875 0.052083333333333336
