0 0.3515625 0.16666666666666666 0.09375 0.11666666666666667
0 0.39765625000000004 0.29270833333333335 0.09062500000000001 0.11666666666666667
0 0.34414062500000003 0.3453125 0.08515625 0.103125
0 0.30976562500000004 0.23020833333333332 0.07421875 0.13125
0 0.5234375 0.1921875 0.037500000000000006 0.057291666666666664
0 0.5796875 0.11562499999999999 0.0484375 0.058333333333333334
0 0.6472656250000001 0.07239583333333333 0.041406250000000006 0.04479166666666667
0 0.6683593750000001 0.13958333333333334 0.041406250000000006 0.0625
0 0.634375 0.15364583333333334 0.040625 0.057291666666666664
0 0.669921875 0.196875 0.04609375 0.058333333333333334
0 0.6359375 0.22135416666666666 0.0421875 0.057291666666666664
0 0.6433593750000001 0.2677083333333333 0.05234375 0.05625
0 0.759375 0.184375 0.043750000000000004 0.06458333333333333
0 0.787109375 0.5348958333333333 0.08203125 0.09479166666666666
0 0.856640625 0.5645833333333333 0.07734375 0.11666666666666667
0 0.909375 0.5682291666666667 0.05625 0.11979166666666667
0 0.88828125 0.9406249999999999 0.065625 0.07708333333333334
0 0.763671875 0.6557291666666667 0.07421875 0.09479166666666666
0 0.676953125 0.6682291666666667 0.06953125 0.084375
0 0.7039062500000001 0.5432291666666667 0.08281250000000001 0.121875
0 0.65390625 0.44427083333333334 0.08125 0.096875
0 0.630078125 0.6026041666666666 0.07265625 0.11979166666666667
0 0.57265625 0.6078125 0.06406250000000001 0.109375
0 0.5183593750000001 0.6072916666666667 0.04453125 0.06041666666666667
0 0.60859375 0.8822916666666667 0.059375000000000004 0.08541666666666667
0 0.36054687500000004 0.8848958333333333 0.07421875 0.11562499999999999
0 0.23125 0.7911458333333333 0.08750000000000001 0.11979166666666667
0 0.23203125000000002 0.5229166666666667 0.065625 0.09583333333333333
0 0.126953125 0.5302083333333333 0.07421875 0.09583333333333333
