0 0.036328125 0.3989583333333333 0.07109375 0.09583333333333333
0 0.19375 0.036458333333333336 0.08281250000000001 0.06875
0 0.213671875 0.44427083333333334 0.07734375 0.10520833333333333
0 0.241015625 0.5244791666666666 0.08671875000000001 0.10104166666666667
0 0.333984375 0.43124999999999997 0.09609375 0.1125
0 0.48671875000000003 0.45729166666666665 0.084375 0.11041666666666666
0 0.546484375 0.4739583333333333 0.08515625 0.125
0 0.733984375 0.34375 0.05859375 0.07708333333333334
0 0.56796875 0.0296875 0.0921875 0.05520833333333333
0 0.74375 0.10625 0.0859375 0.11041666666666666
0 0.903515625 0.24166666666666667 0.07890625000000001 0.11458333333333333
0 0.9554687500000001 0.5 0.0765625 0.10833333333333334
0 0.8171875000000001 0.3453125 0.07187500000000001 0.08645833333333333
0 0.676953125 0.8536458333333333 0.08515625 0.10104166666666667
0 0.5378906250000001 0.9359375 0.07578125000000001 0.08854166666666667
0 0.172265625 0.9718749999999999 0.06484375 0.05625
0 0.5593750000000001 0.6427083333333333 0.07500000000000001 0.10416666666666667
0 0.91171875 0.5958333333333333 0.03125 0.035416666666666666
0 0.88203125 0.5723958333333333 0.028125 0.036458333333333336
0 0.7917968750000001 0.44687499999999997 0.02421875 0.029166666666666667
0 0.748046875 0.44479166666666664 0.030468750000000003 0.029166666666666667
