0 0.22187500000000002 0.19322916666666667 0.0390625 0.05520833333333333
0 0.47265625 0.0515625 0.1046875 0.10104166666666667
0 0.566015625 0.3302083333333333 0.047656250000000004 0.07083333333333333
0 0.7429687500000001 0.66875 0.09531250000000001 0.13333333333333333
0 0.816015625 0.5729166666666666 0.10234375000000001 0.12916666666666665
0 0.8753906250000001 0.275 0.09140625000000001 0.14166666666666666
0 0.95625 0.0984375 0.08125 0.128125
0 0.439453125 0.86875 0.08359375000000001 0.11041666666666666
0 0.340625 0.7598958333333333 0.09375 0.121875
0 0.240234375 0.7083333333333334 0.09453125000000001 0.12916666666666665
0 0.287890625 0.23906249999999998 0.05078125 0.057291666666666664
0 0.35468750000000004 0.2 0.037500000000000006 0.05625
0 0.366015625 0.9286458333333333 0.07890625000000001 0.11145833333333333
