0 0.41718750000000004 0.2890625 0.096875 0.121875
0 0.509765625 0.26666666666666666 0.08828125 0.12708333333333333
0 0.78515625 0.209375 0.037500000000000006 0.05
0 0.7445312500000001 0.06822916666666666 0.0921875 0.11354166666666667
0 0.581640625 0.09166666666666666 0.07890625000000001 0.11458333333333333
0 0.5609375 0.6739583333333333 0.0890625 0.11458333333333333
0 0.46796875000000004 0.7536458333333333 0.1015625 0.128125
0 0.264453125 0.871875 0.06796875000000001 0.10833333333333334
0 0.19882812500000002 0.8864583333333333 0.10078125 0.12708333333333333
0 0.105859375 0.7838541666666666 0.07734375 0.10729166666666666
0 0.33632812500000003 0.6583333333333333 0.09609375 0.13333333333333333
0 0.646484375 0.8135416666666666 0.08203125 0.1125
0 0.751171875 0.8114583333333333 0.049218750000000006 0.05625
0 0.880859375 0.7911458333333333 0.08984375 0.103125
0 0.92890625 0.6890625 0.06406250000000001 0.08645833333333333
0 0.761328125 0.7208333333333333 0.07890625000000001 0.1
0 0.58125 0.5369791666666667 0.045312500000000006 0.059375
0 0.745703125 0.30625 0.041406250000000006 0.0625
0 0.688671875 0.1875 0.039843750000000004 0.05416666666666667
0 0.64609375 0.18229166666666666 0.037500000000000006 0.05
0 0.558984375 0.1890625 0.03515625 0.04479166666666667
0 0.93125 0.28489583333333335 0.0390625 0.057291666666666664
0 0.73046875 0.23489583333333333 0.040625 0.051041666666666666
0 0.193359375 0.4640625 0.07578125000000001 0.096875
0 0.9246093750000001 0.0484375 0.03671875 0.04479166666666667
0 0.396484375 0.9125 0.09453125000000001 0.125
