0 0.37539062500000003 0.4223958333333333 0.11171875 0.13229166666666667
0 0.43398437500000003 0.35 0.08046875 0.12291666666666666
0 0.35781250000000003 0.1390625 0.11093750000000001 0.11979166666666667
0 0.630859375 0.5640625 0.11484375000000001 0.15104166666666666
0 0.5574218750000001 0.6927083333333334 0.08671875000000001 0.125
0 0.62109375 0.7796875 0.1015625 0.128125
0 0.6578125 0.6677083333333333 0.1015625 0.10416666666666667
0 0.452734375 0.8932291666666666 0.08515625 0.09895833333333333
0 0.567578125 0.8755208333333333 0.09609375 0.12604166666666666
0 0.14179687500000002 0.5703125 0.09296875 0.11354166666666667
0 0.201953125 0.19791666666666666 0.09921875000000001 0.11666666666666667
