0 0.1265625 0.4119791666666667 0.07500000000000001 0.103125
0 0.06171875 0.48072916666666665 0.0765625 0.096875
0 0.39179687500000004 0.5755208333333334 0.05390625 0.06145833333333333
0 0.39492187500000003 0.4895833333333333 0.07578125000000001 0.07708333333333334
0 0.5945312500000001 0.5479166666666666 0.08125 0.11666666666666667
0 0.5144531250000001 0.5479166666666666 0.07578125000000001 0.11875
0 0.44257812500000004 0.4041666666666667 0.08671875000000001 0.1
0 0.880078125 0.6244791666666667 0.09296875 0.11145833333333333
0 0.7699218750000001 0.86875 0.06328125 0.1125
0 0.626953125 0.8505208333333333 0.07734375 0.08854166666666667
0 0.7175781250000001 0.5171875 0.08203125 0.10729166666666666
0 0.780859375 0.6072916666666667 0.06640625 0.09583333333333333
