0 0.18203125 0.36822916666666666 0.0890625 0.10729166666666666
0 0.110546875 0.3640625 0.06953125 0.128125
0 0.7425781250000001 0.6494791666666666 0.09609375 0.11979166666666667
0 0.8453125 0.603125 0.096875 0.11666666666666667
0 0.770703125 0.50625 0.10234375000000001 0.13125
0 0.6957031250000001 0.5854166666666667 0.08046875 0.11875
0 0.58984375 0.8692708333333333 0.12812500000000002 0.13854166666666667
0 0.273046875 0.7130208333333333 0.10234375000000001 0.11354166666666667
0 0.32890625 0.0609375 0.1171875 0.11979166666666667
0 0.1046875 0.042708333333333334 0.08281250000000001 0.07708333333333334
0 0.8011718750000001 0.26875 0.09296875 0.125
0 0.7203125 0.18072916666666666 0.08281250000000001 0.11562499999999999
