0 0.280078125 0.5723958333333333 0.10390625 0.11562499999999999
0 0.37148437500000003 0.5411458333333333 0.08984375 0.12395833333333334
0 0.64609375 0.45729166666666665 0.08750000000000001 0.11666666666666667
0 0.517578125 0.5458333333333333 0.08984375 0.11666666666666667
0 0.49375 0.6526041666666667 0.084375 0.11145833333333333
0 0.41523437500000004 0.6671875 0.08359375000000001 0.10104166666666667
0 0.7425781250000001 0.7572916666666667 0.08515625 0.11875
0 0.899609375 0.43645833333333334 0.08984375 0.12916666666666665
0 0.63984375 0.22135416666666666 0.045312500000000006 0.065625
0 0.7296875 0.209375 0.040625 0.05625
0 0.536328125 0.17291666666666666 0.041406250000000006 0.04583333333333333
0 0.6453125000000001 0.159375 0.0421875 0.04375
0 0.43984375000000003 0.8494791666666667 0.0671875 0.096875
0 0.608984375 0.6395833333333333 0.08671875000000001 0.08541666666666667
0 0.6628906250000001 0.043229166666666666 0.08984375 0.084375
0 0.25625000000000003 0.10729166666666666 0.084375 0.11041666666666666
0 0.10507812500000001 0.378125 0.11328125 0.125
