0 0.32890625 0.20416666666666666 0.1078125 0.13333333333333333
0 0.499609375 0.14739583333333334 0.11328125 0.13229166666666667
0 0.5183593750000001 0.42552083333333335 0.12421875 0.121875
0 0.567578125 0.3458333333333333 0.08046875 0.1125
0 0.256640625 0.575 0.09453125000000001 0.11041666666666666
0 0.701171875 0.7010416666666667 0.08828125 0.13125
0 0.77109375 0.559375 0.1046875 0.12708333333333333
0 0.7898437500000001 0.6744791666666666 0.0921875 0.11562499999999999
0 0.757421875 0.7828125 0.09921875000000001 0.12604166666666666
0 0.69453125 0.8817708333333333 0.09062500000000001 0.11979166666666667
0 0.580078125 0.9052083333333333 0.08359375000000001 0.10833333333333334
0 0.374609375 0.052083333333333336 0.10546875 0.09791666666666667
