0 0.251171875 0.25 0.09921875000000001 0.12916666666666665
0 0.39687500000000003 0.07135416666666666 0.10625000000000001 0.140625
0 0.659375 0.2640625 0.053125000000000006 0.06354166666666666
0 0.7152343750000001 0.2552083333333333 0.04609375 0.05625
0 0.7058593750000001 0.6734375 0.07265625 0.109375
0 0.7367187500000001 0.5427083333333333 0.06875 0.09166666666666666
0 0.815625 0.5567708333333333 0.065625 0.109375
0 0.88046875 0.525 0.0734375 0.1125
0 0.8015625000000001 0.7989583333333333 0.078125 0.11875
0 0.736328125 0.7869791666666667 0.07109375 0.10104166666666667
0 0.311328125 0.8479166666666667 0.08046875 0.08958333333333333
0 0.30078125 0.7338541666666667 0.084375 0.121875
0 0.36054687500000004 0.609375 0.09453125000000001 0.10833333333333334
0 0.17734375000000002 0.7364583333333333 0.08125 0.11458333333333333
0 0.046484375 0.5739583333333333 0.07109375 0.11666666666666667
0 0.12070312500000001 0.58125 0.07578125000000001 0.10208333333333333
0 0.26796875000000003 0.0234375 0.096875 0.04479166666666667
0 0.744140625 0.11822916666666666 0.04453125 0.053125
0 0.455859375 0.5744791666666667 0.04296875 0.065625
0 0.551171875 0.69375 0.017968750000000002 0.027083333333333334
0 0.49648437500000003 0.7348958333333333 0.02109375 0.026041666666666668
0 0.46171875 0.7598958333333333 0.021875000000000002 0.028125
0 0.59140625 0.575 0.043750000000000004 0.05416666666666667
