0 0.23945312500000002 0.20572916666666666 0.09140625000000001 0.128125
0 0.17539062500000002 0.1953125 0.06328125 0.10104166666666667
0 0.34140625 0.09166666666666666 0.0890625 0.12916666666666665
0 0.40468750000000003 0.0734375 0.065625 0.07604166666666666
0 0.67734375 0.0203125 0.051562500000000004 0.036458333333333336
0 0.47734375 0.2526041666666667 0.05 0.05520833333333333
0 0.69296875 0.2578125 0.040625 0.05520833333333333
0 0.542578125 0.3729166666666667 0.041406250000000006 0.0625
0 0.7054687500000001 0.7588541666666666 0.08281250000000001 0.11562499999999999
0 0.774609375 0.7104166666666667 0.06953125 0.10208333333333333
0 0.512109375 0.9213541666666667 0.08359375000000001 0.09479166666666666
0 0.559765625 0.9755208333333333 0.06171875 0.04895833333333333
0 0.34765625 0.8703124999999999 0.084375 0.09270833333333334
0 0.3796875 0.803125 0.078125 0.08958333333333333
0 0.45078125 0.7734375 0.078125 0.096875
0 0.3765625 0.6895833333333333 0.09062500000000001 0.11041666666666666
0 0.176171875 0.6984375 0.08515625 0.103125
0 0.07382812500000001 0.7973958333333333 0.07109375 0.09895833333333333
0 0.029296875 0.7140625 0.055468750000000004 0.084375
0 0.8714843750000001 0.3776041666666667 0.01953125 0.030208333333333334
