0 0.057421875000000004 0.128125 0.08359375000000001 0.11041666666666666
0 0.47968750000000004 0.1421875 0.084375 0.11354166666666667
0 0.5300781250000001 0.5104166666666666 0.07890625000000001 0.10416666666666667
0 0.589453125 0.40781249999999997 0.06953125 0.08854166666666667
0 0.6578125 0.5932291666666667 0.07187500000000001 0.11145833333333333
0 0.73046875 0.6130208333333333 0.0671875 0.11770833333333333
0 0.8035156250000001 0.675 0.06796875000000001 0.09583333333333333
0 0.498828125 0.8140625 0.07109375 0.08854166666666667
0 0.1921875 0.6572916666666666 0.0765625 0.1
0 0.084375 0.584375 0.05625 0.07708333333333334
0 0.091796875 0.30364583333333334 0.08046875 0.09895833333333333
0 0.34375 0.17760416666666667 0.06875 0.09479166666666666
0 0.835546875 0.20989583333333334 0.05859375 0.071875
0 0.27578125000000003 0.13020833333333334 0.051562500000000004 0.07708333333333334
