0 0.14296875 0.7479166666666667 0.0921875 0.10416666666666667
0 0.08125 0.634375 0.0734375 0.10833333333333334
0 0.23515625 0.73125 0.09843750000000001 0.12916666666666665
0 0.390625 0.7140625 0.09843750000000001 0.11354166666666667
0 0.31093750000000003 0.7385416666666667 0.07500000000000001 0.10208333333333333
0 0.48203125 0.76875 0.0921875 0.10625
0 0.56171875 0.8828125 0.0859375 0.109375
0 0.484375 0.9338541666666667 0.09062500000000001 0.10104166666666667
0 0.304296875 0.8963541666666667 0.05234375 0.065625
0 0.868359375 0.6666666666666666 0.08984375 0.11666666666666667
0 0.9496093750000001 0.578125 0.09296875 0.12291666666666666
0 0.7917968750000001 0.5635416666666666 0.08046875 0.11875
0 0.6257812500000001 0.334375 0.053125000000000006 0.06041666666666667
0 0.614453125 0.0546875 0.10703125000000001 0.10729166666666666
0 0.48476562500000003 0.040625 0.08828125 0.07916666666666666
0 0.40703125 0.20729166666666665 0.0421875 0.06041666666666667
0 0.33632812500000003 0.234375 0.047656250000000004 0.06458333333333333
0 0.148828125 0.0609375 0.11015625000000001 0.11979166666666667
0 0.03828125 0.15885416666666666 0.0734375 0.13020833333333334
0 0.579296875 0.7520833333333333 0.09921875000000001 0.11666666666666667
