0 0.15859375 0.6416666666666666 0.084375 0.09791666666666667
0 0.385546875 0.61875 0.08359375000000001 0.09375
0 0.31328125 0.18541666666666667 0.084375 0.10208333333333333
0 0.8578125000000001 0.09375 0.07968750000000001 0.11041666666666666
0 0.7859375000000001 0.2828125 0.07187500000000001 0.11145833333333333
0 0.733984375 0.2703125 0.05234375 0.09270833333333334
0 0.78046875 0.5630208333333333 0.07500000000000001 0.10104166666666667
0 0.896484375 0.6354166666666666 0.06640625 0.09375
0 0.9046875000000001 0.74375 0.046875 0.06458333333333333
0 0.421875 0.19583333333333333 0.0203125 0.027083333333333334
0 0.5242187500000001 0.09635416666666667 0.0171875 0.02395833333333333
0 0.46210937500000004 0.2296875 0.01953125 0.026041666666666668
0 0.6171875 0.834375 0.018750000000000003 0.022916666666666665
0 0.587890625 0.8125 0.01953125 0.022916666666666665
0 0.42695312500000004 0.7854166666666667 0.02109375 0.03125
0 0.37890625 0.7697916666666667 0.0203125 0.027083333333333334
0 0.662109375 0.6890625 0.02109375 0.026041666666666668
0 0.6179687500000001 0.9479166666666666 0.0203125 0.029166666666666667
