0 0.39609375 0.2864583333333333 0.0921875 0.1125
0 0.34765625 0.1671875 0.08750000000000001 0.11354166666666667
0 0.3296875 0.3338541666666667 0.0671875 0.07395833333333333
0 0.238671875 0.525 0.07578125000000001 0.10416666666666667
0 0.23398437500000002 0.7911458333333333 0.08984375 0.10520833333333333
0 0.633984375 0.5942708333333333 0.07890625000000001 0.096875
0 0.705078125 0.5421875 0.09140625000000001 0.11562499999999999
0 0.7835937500000001 0.5354166666666667 0.0734375 0.09791666666666667
0 0.761328125 0.6557291666666667 0.07265625 0.10520833333333333
0 0.8894531250000001 0.9432291666666667 0.07265625 0.084375
0 0.6351562500000001 0.22343749999999998 0.0421875 0.057291666666666664
0 0.641796875 0.26927083333333335 0.05078125 0.04895833333333333
0 0.7582031250000001 0.18541666666666667 0.05078125 0.06041666666666667
0 0.67109375 0.19322916666666667 0.043750000000000004 0.03854166666666667
0 0.66796875 0.14010416666666667 0.037500000000000006 0.053125
0 0.632421875 0.15104166666666666 0.03359375 0.04583333333333333
0 0.578515625 0.11458333333333333 0.04296875 0.0625
0 0.521484375 0.1890625 0.04609375 0.05520833333333333
0 0.6410156250000001 0.075 0.039843750000000004 0.04583333333333333
0 0.35664062500000004 0.8875 0.07734375 0.11666666666666667
