0 0.078125 0.5880208333333333 0.07500000000000001 0.11354166666666667
0 0.155078125 0.5833333333333334 0.07578125000000001 0.09375
0 0.15742187500000002 0.6932291666666667 0.07890625000000001 0.10104166666666667
0 0.25820312500000003 0.6083333333333333 0.07109375 0.1125
0 0.32890625 0.60625 0.07187500000000001 0.11666666666666667
0 0.4921875 0.5692708333333333 0.046875 0.059375
0 0.581640625 0.5302083333333333 0.08984375 0.11875
0 0.665234375 0.6744791666666666 0.039843750000000004 0.03854166666666667
0 0.6390625000000001 0.7838541666666666 0.0421875 0.053125
0 0.482421875 0.840625 0.03828125 0.058333333333333334
0 0.6078125000000001 0.86875 0.0484375 0.05625
0 0.521875 0.8520833333333333 0.0390625 0.052083333333333336
0 0.424609375 0.8260416666666667 0.039843750000000004 0.058333333333333334
0 0.173828125 0.8442708333333333 0.041406250000000006 0.046875
0 0.10507812500000001 0.903125 0.07421875 0.075
0 0.44453125000000004 0.2 0.043750000000000004 0.06458333333333333
0 0.264453125 0.14895833333333333 0.04296875 0.06666666666666667
0 0.15390625000000002 0.2875 0.037500000000000006 0.05416666666666667
0 0.147265625 0.2109375 0.041406250000000006 0.053125
0 0.11015625000000001 0.2203125 0.040625 0.057291666666666664
0 0.0859375 0.05416666666666667 0.034375 0.04583333333333333
0 0.770703125 0.5046875 0.09453125000000001 0.11979166666666667
0 0.48515625 0.6432291666666666 0.029687500000000002 0.03854166666666667
0 0.447265625 0.6744791666666666 0.022656250000000003 0.03229166666666666
0 0.35000000000000003 0.6973958333333333 0.0484375 0.06145833333333333
