0 0.25039062500000003 0.5369791666666667 0.08046875 0.09895833333333333
0 0.36835937500000004 0.2682291666666667 0.041406250000000006 0.06354166666666666
0 0.7332031250000001 0.46875 0.08515625 0.11458333333333333
0 0.88828125 0.45468749999999997 0.09843750000000001 0.121875
0 0.9304687500000001 0.7130208333333333 0.08750000000000001 0.11979166666666667
0 0.180078125 0.8151041666666666 0.07890625000000001 0.109375
0 0.10390625 0.6885416666666666 0.0765625 0.1125
0 0.10820312500000001 0.5588541666666667 0.06640625 0.084375
0 0.42265625 0.053125 0.053125000000000006 0.052083333333333336
0 0.39921875 0.240625 0.043750000000000004 0.04791666666666666
0 0.6746093750000001 0.43385416666666665 0.06953125 0.109375
