0 0.07187500000000001 0.21510416666666665 0.037500000000000006 0.057291666666666664
0 0.47265625 0.525 0.08750000000000001 0.12291666666666666
0 0.5375 0.5276041666666667 0.0484375 0.059375
0 0.662109375 0.4979166666666667 0.07109375 0.125
0 0.568359375 0.47239583333333335 0.05234375 0.06354166666666666
0 0.784765625 0.37083333333333335 0.08828125 0.11458333333333333
0 0.54609375 0.8651041666666667 0.040625 0.05520833333333333
0 0.578125 0.7807291666666667 0.0484375 0.06354166666666666
0 0.4296875 0.834375 0.046875 0.06458333333333333
0 0.466796875 0.8442708333333333 0.05078125 0.051041666666666666
0 0.350390625 0.9520833333333333 0.05390625 0.06458333333333333
0 0.36757812500000003 0.8156249999999999 0.055468750000000004 0.06041666666666667
0 0.24375000000000002 0.9692708333333333 0.06406250000000001 0.06145833333333333
0 0.118359375 0.8307291666666666 0.041406250000000006 0.046875
0 0.034375 0.8859374999999999 0.0671875 0.084375
0 0.055078125000000006 0.6828125 0.07890625000000001 0.090625
0 0.15585937500000002 0.5973958333333333 0.07265625 0.109375
0 0.229296875 0.5901041666666667 0.08359375000000001 0.10729166666666666
0 0.29921875000000003 0.1640625 0.045312500000000006 0.059375
0 0.398046875 0.19270833333333334 0.047656250000000004 0.052083333333333336
0 0.30117187500000003 0.2109375 0.039843750000000004 0.04479166666666667
0 0.18046875 0.21927083333333333 0.05 0.057291666666666664
0 0.115625 0.2833333333333333 0.0421875 0.04791666666666666
0 0.10507812500000001 0.2015625 0.03828125 0.057291666666666664
0 0.0546875 0.057291666666666664 0.0328125 0.04791666666666666
0 0.3015625 0.09270833333333334 0.0421875 0.052083333333333336
0 0.5105468750000001 0.6994791666666667 0.022656250000000003 0.030208333333333334
0 0.46914062500000003 0.634375 0.02421875 0.03958333333333333
0 0.42890625000000004 0.6651041666666666 0.0203125 0.028125
0 0.8894531250000001 0.5572916666666666 0.07578125000000001 0.09583333333333333
