0 0.15625 0.1265625 0.0890625 0.109375
0 0.2171875 0.11354166666666667 0.051562500000000004 0.10208333333333333
0 0.802734375 0.21979166666666666 0.09140625000000001 0.09583333333333333
0 0.8949218750000001 0.21927083333333333 0.09765625 0.13645833333333332
0 0.7449218750000001 0.33177083333333335 0.09609375 0.11979166666666667
0 0.6042968750000001 0.6369791666666667 0.10078125 0.13020833333333334
0 0.8125 0.5192708333333333 0.09531250000000001 0.11562499999999999
0 0.8421875000000001 0.8614583333333333 0.078125 0.1
0 0.8796875000000001 0.9130208333333333 0.0765625 0.10104166666666667
0 0.18984375 0.6567708333333333 0.096875 0.11770833333333333
0 0.044921875 0.5989583333333334 0.08203125 0.1
0 0.0921875 0.41822916666666665 0.07968750000000001 0.10729166666666666
0 0.233203125 0.9265625 0.032031250000000004 0.046875
