0 0.30195312500000004 0.371875 0.08828125 0.11458333333333333
0 0.22734375 0.375 0.0734375 0.14583333333333334
0 0.062109375 0.4796875 0.09609375 0.10520833333333333
0 0.036328125 0.621875 0.07109375 0.11458333333333333
0 0.46953125 0.06354166666666666 0.1171875 0.125
0 0.416015625 0.7291666666666666 0.09609375 0.14166666666666666
0 0.8812500000000001 0.6536458333333334 0.09531250000000001 0.10729166666666666
0 0.7546875000000001 0.8760416666666666 0.115625 0.14166666666666666
0 0.833984375 0.5796875 0.09140625000000001 0.11562499999999999
0 0.9007812500000001 0.496875 0.0890625 0.12083333333333333
0 0.95625 0.60625 0.0734375 0.12291666666666666
0 0.7503906250000001 0.5760416666666667 0.07265625 0.10208333333333333
0 0.929296875 0.2786458333333333 0.08671875000000001 0.11145833333333333
0 0.853515625 0.20416666666666666 0.08515625 0.11875
0 0.212890625 0.0390625 0.08984375 0.07604166666666666
