0 0.220703125 0.384375 0.10234375000000001 0.13541666666666666
0 0.376953125 0.10885416666666667 0.09140625000000001 0.12395833333333334
0 0.551953125 0.06145833333333333 0.09609375 0.11458333333333333
0 0.794921875 0.05572916666666666 0.10234375000000001 0.10729166666666666
0 0.6160156250000001 0.13802083333333334 0.09296875 0.10104166666666667
0 0.405078125 0.5786458333333333 0.11640625 0.11145833333333333
0 0.498046875 0.5505208333333333 0.09765625 0.11979166666666667
0 0.539453125 0.671875 0.08671875000000001 0.10833333333333334
0 0.6218750000000001 0.6645833333333333 0.09531250000000001 0.11458333333333333
0 0.6453125000000001 0.5494791666666666 0.09531250000000001 0.128125
0 0.7757812500000001 0.4640625 0.09531250000000001 0.11145833333333333
0 0.851171875 0.753125 0.08359375000000001 0.09791666666666667
0 0.923828125 0.7239583333333334 0.08203125 0.11666666666666667
0 0.5453125 0.9390625 0.08281250000000001 0.084375
0 0.5398437500000001 0.8619791666666666 0.0765625 0.08854166666666667
0 0.373046875 0.9328124999999999 0.08984375 0.103125
0 0.139453125 0.8229166666666666 0.08359375000000001 0.1
0 0.69296875 0.225 0.051562500000000004 0.058333333333333334
0 0.73046875 0.26145833333333335 0.045312500000000006 0.05625
0 0.7816406250000001 0.21510416666666665 0.047656250000000004 0.053125
0 0.697265625 0.15989583333333332 0.04296875 0.051041666666666666
0 0.5171875 0.16145833333333334 0.0390625 0.04583333333333333
0 0.515234375 0.209375 0.04296875 0.05
0 0.049218750000000006 0.58125 0.0859375 0.11458333333333333
