0 0.27890625 0.42343749999999997 0.08281250000000001 0.11145833333333333
0 0.215234375 0.3963541666666667 0.07890625000000001 0.08020833333333333
0 0.15156250000000002 0.22708333333333333 0.0484375 0.07083333333333333
0 0.45937500000000003 0.036458333333333336 0.0859375 0.06666666666666667
0 0.6410156250000001 0.1921875 0.05078125 0.059375
0 0.560546875 0.2682291666666667 0.057031250000000006 0.057291666666666664
0 0.44062500000000004 0.44635416666666666 0.0921875 0.11562499999999999
0 0.472265625 0.5046875 0.08515625 0.103125
0 0.550390625 0.5015625 0.08984375 0.103125
0 0.6136718750000001 0.5098958333333333 0.06796875000000001 0.096875
0 0.716015625 0.5364583333333334 0.08046875 0.11666666666666667
0 0.794140625 0.5697916666666667 0.09296875 0.125
0 0.8523437500000001 0.8114583333333333 0.07187500000000001 0.1
0 0.4234375 0.6572916666666666 0.08281250000000001 0.1
0 0.153125 0.56875 0.0859375 0.10625
0 0.08867187500000001 0.6432291666666666 0.07890625000000001 0.09895833333333333
0 0.041015625 0.5229166666666667 0.07734375 0.12083333333333333
0 0.262890625 0.20052083333333334 0.05390625 0.059375
0 0.0671875 0.9239583333333333 0.059375000000000004 0.08333333333333333
