0 0.051562500000000004 0.5229166666666667 0.07187500000000001 0.0875
0 0.14960937500000002 0.5359375 0.06953125 0.09270833333333334
0 0.263671875 0.6109375 0.08671875000000001 0.109375
0 0.330078125 0.6083333333333333 0.06015625 0.08333333333333333
0 0.23750000000000002 0.778125 0.037500000000000006 0.04791666666666666
0 0.330859375 0.9723958333333333 0.07109375 0.05520833333333333
0 0.172265625 0.9713541666666666 0.06328125 0.053125
0 0.6707031250000001 0.6276041666666666 0.08203125 0.10729166666666666
0 0.5640625 0.565625 0.0734375 0.08333333333333333
0 0.5496093750000001 0.7578125 0.06015625 0.090625
0 0.358203125 0.6619791666666667 0.05234375 0.059375
0 0.821875 0.5375 0.0734375 0.1
0 0.88984375 0.54375 0.078125 0.10625
0 0.970703125 0.18645833333333334 0.05859375 0.10625
0 0.9109375000000001 0.6692708333333334 0.0765625 0.090625
0 0.291796875 0.4270833333333333 0.07109375 0.06875
0 0.323046875 0.11614583333333334 0.03828125 0.05520833333333333
0 0.35859375000000004 0.1421875 0.0421875 0.046875
0 0.41484375 0.09635416666666667 0.035937500000000004 0.04895833333333333
0 0.28671875 0.1203125 0.035937500000000004 0.04895833333333333
0 0.23125 0.10416666666666667 0.034375 0.052083333333333336
0 0.26328125 0.036458333333333336 0.034375 0.04791666666666666
0 0.23554687500000002 0.046875 0.03359375 0.035416666666666666
0 0.13515625 0.13802083333333334 0.037500000000000006 0.053125
