0 0.21054687500000002 0.7104166666666667 0.08828125 0.11875
0 0.40468750000000003 0.7458333333333333 0.09062500000000001 0.12083333333333333
0 0.51484375 0.5375 0.084375 0.11458333333333333
0 0.4703125 0.7828125 0.0671875 0.121875
0 0.580078125 0.7802083333333333 0.07890625000000001 0.10416666666666667
0 0.7722656250000001 0.6578125 0.06015625 0.096875
0 0.83203125 0.6880208333333333 0.08125 0.103125
0 0.915625 0.6692708333333334 0.07187500000000001 0.109375
0 0.7933593750000001 0.30416666666666664 0.047656250000000004 0.06458333333333333
0 0.516796875 0.03854166666666667 0.11640625 0.075
0 0.44960937500000003 0.058333333333333334 0.09921875000000001 0.11458333333333333
0 0.34882812500000004 0.06041666666666667 0.10546875 0.11458333333333333
0 0.037500000000000006 0.253125 0.0734375 0.10833333333333334
0 0.958984375 0.07604166666666666 0.07265625 0.11041666666666666
0 0.580078125 0.19739583333333333 0.04296875 0.057291666666666664
0 0.5339843750000001 0.19947916666666665 0.04453125 0.04895833333333333
0 0.421484375 0.2661458333333333 0.041406250000000006 0.051041666666666666
0 0.087890625 0.046875 0.09296875 0.09166666666666666
0 0.09726562500000001 0.16458333333333333 0.09453125000000001 0.11458333333333333
