0 0.22265625 0.07916666666666666 0.0859375 0.1
0 0.308203125 0.10989583333333333 0.07421875 0.10729166666666666
0 0.37343750000000003 0.09739583333333333 0.08750000000000001 0.11770833333333333
0 0.398046875 0.16979166666666667 0.07890625000000001 0.09791666666666667
0 0.5359375000000001 0.05416666666666667 0.1015625 0.10625
0 0.606640625 0.0484375 0.06640625 0.09479166666666666
0 0.663671875 0.26510416666666664 0.04609375 0.06354166666666666
0 0.5046875000000001 0.33958333333333335 0.08125 0.08958333333333333
0 0.32851562500000003 0.34739583333333335 0.08203125 0.053125
0 0.25546875 0.4192708333333333 0.08125 0.10104166666666667
0 0.04453125 0.5614583333333333 0.0734375 0.10625
0 0.087890625 0.73125 0.07265625 0.09791666666666667
0 0.15976562500000002 0.7182291666666667 0.07578125000000001 0.09895833333333333
0 0.30585937500000004 0.9473958333333333 0.08984375 0.09895833333333333
0 0.568359375 0.7328125 0.09140625000000001 0.11562499999999999
0 0.666015625 0.7166666666666667 0.07578125000000001 0.1125
0 0.72578125 0.7026041666666667 0.078125 0.090625
0 0.7855468750000001 0.775 0.08046875 0.1
0 0.860546875 0.6848958333333334 0.06953125 0.11145833333333333
0 0.9765625 0.6625 0.046875 0.12083333333333333
0 0.8621093750000001 0.8635416666666667 0.07265625 0.09791666666666667
0 0.92890625 0.18958333333333333 0.07500000000000001 0.12083333333333333
0 0.517578125 0.17552083333333332 0.06640625 0.084375
0 0.169921875 0.04010416666666666 0.06953125 0.078125
0 0.483203125 0.45416666666666666 0.08984375 0.11041666666666666
0 0.366015625 0.7625 0.06015625 0.09791666666666667
0 0.44843750000000004 0.7578125 0.035937500000000004 0.10104166666666667
