0 0.040625 0.25625 0.0703125 0.11458333333333333
0 0.09765625 0.15833333333333333 0.096875 0.11666666666666667
0 0.18320312500000002 0.022916666666666665 0.10703125000000001 0.04375
0 0.4453125 0.059895833333333336 0.09531250000000001 0.11770833333333333
0 0.519140625 0.049479166666666664 0.11328125 0.096875
0 0.345703125 0.057291666666666664 0.09609375 0.10833333333333334
0 0.33242187500000003 0.13333333333333333 0.09609375 0.11041666666666666
0 0.086328125 0.0453125 0.09453125000000001 0.08854166666666667
0 0.7917968750000001 0.3052083333333333 0.04609375 0.0625
0 0.51484375 0.540625 0.07500000000000001 0.10416666666666667
0 0.40468750000000003 0.7473958333333334 0.084375 0.11562499999999999
0 0.21015625000000002 0.7125 0.0921875 0.11875
0 0.7718750000000001 0.659375 0.059375000000000004 0.09583333333333333
0 0.581640625 0.7760416666666666 0.07890625000000001 0.09375
0 0.4734375 0.7833333333333333 0.06875 0.11041666666666666
0 0.34687500000000004 0.759375 0.045312500000000006 0.13125
0 0.8328125000000001 0.6942708333333333 0.0859375 0.121875
0 0.916015625 0.66875 0.07109375 0.10625
0 0.964453125 0.07864583333333333 0.07109375 0.109375
0 0.8050781250000001 0.022916666666666665 0.09453125000000001 0.04375
0 0.5828125000000001 0.19739583333333333 0.051562500000000004 0.05520833333333333
0 0.5320312500000001 0.20208333333333334 0.045312500000000006 0.052083333333333336
0 0.421875 0.26875 0.0421875 0.05416666666666667
0 0.39960937500000004 0.16197916666666667 0.08984375 0.090625
0 0.140625 0.3421875 0.035937500000000004 0.051041666666666666
