0 0.10429687500000001 0.3802083333333333 0.09296875 0.12916666666666665
0 0.2546875 0.11041666666666666 0.1015625 0.12708333333333333
0 0.6648437500000001 0.04739583333333333 0.1 0.090625
0 0.504296875 0.04583333333333333 0.08984375 0.08541666666666667
0 0.42031250000000003 0.058333333333333334 0.0890625 0.10833333333333334
0 0.5 0.12916666666666665 0.09843750000000001 0.10416666666666667
0 0.898046875 0.4380208333333333 0.08359375000000001 0.11354166666666667
0 0.65 0.45468749999999997 0.0890625 0.10729166666666666
0 0.51328125 0.5395833333333333 0.09062500000000001 0.11458333333333333
0 0.49375 0.6536458333333334 0.08750000000000001 0.10520833333333333
0 0.4109375 0.6677083333333333 0.07968750000000001 0.1125
0 0.37031250000000004 0.5359375 0.0921875 0.128125
0 0.279296875 0.5677083333333334 0.08984375 0.1125
0 0.057031250000000006 0.8114583333333333 0.0703125 0.09583333333333333
0 0.6042968750000001 0.6416666666666666 0.07734375 0.09583333333333333
0 0.9519531250000001 0.6979166666666666 0.07890625000000001 0.11666666666666667
0 0.8132812500000001 0.7244791666666667 0.08281250000000001 0.121875
0 0.740234375 0.7567708333333333 0.08359375000000001 0.10520833333333333
0 0.43359375 0.8505208333333333 0.07500000000000001 0.09479166666666666
0 0.440234375 0.9375 0.07265625 0.08958333333333333
0 0.26992187500000003 0.915625 0.08515625 0.09791666666666667
0 0.640234375 0.2203125 0.05234375 0.06145833333333333
0 0.730078125 0.20989583333333334 0.04453125 0.05520833333333333
0 0.6472656250000001 0.15677083333333333 0.039843750000000004 0.051041666666666666
0 0.681640625 0.25625 0.047656250000000004 0.058333333333333334
0 0.5484375 0.2328125 0.0421875 0.04479166666666667
0 0.603515625 0.17916666666666667 0.04453125 0.05416666666666667
