0 0.110546875 0.21822916666666667 0.05234375 0.05520833333333333
0 0.34882812500000004 0.03229166666666666 0.08671875000000001 0.0625
0 0.194140625 0.028125 0.08359375000000001 0.05416666666666667
0 0.587890625 0.1875 0.04296875 0.052083333333333336
0 0.505859375 0.25677083333333334 0.047656250000000004 0.046875
0 0.9554687500000001 0.359375 0.0890625 0.12916666666666665
0 0.6828125 0.5651041666666666 0.0921875 0.10729166666666666
0 0.599609375 0.5328125 0.08828125 0.10520833333333333
0 0.43476562500000004 0.5041666666666667 0.08515625 0.10208333333333333
0 0.50546875 0.5026041666666666 0.0625 0.084375
0 0.31171875000000004 0.4479166666666667 0.09375 0.12708333333333333
0 0.345703125 0.5005208333333333 0.07890625000000001 0.11562499999999999
0 0.311328125 0.646875 0.07265625 0.09583333333333333
0 0.751953125 0.8052083333333333 0.07890625000000001 0.10625
0 0.16914062500000002 0.4125 0.08046875 0.10208333333333333
0 0.10898437500000001 0.39010416666666664 0.08203125 0.08229166666666667
0 0.056640625 0.5604166666666667 0.08984375 0.1
