0 0.37812500000000004 0.140625 0.05 0.058333333333333334
0 0.34140625 0.07291666666666667 0.040625 0.05416666666666667
0 0.269140625 0.203125 0.04296875 0.04583333333333333
0 0.265234375 0.24635416666666665 0.04453125 0.051041666666666666
0 0.49921875000000004 0.4239583333333333 0.051562500000000004 0.05625
0 0.583984375 0.540625 0.09609375 0.11458333333333333
0 0.663671875 0.48854166666666665 0.08359375000000001 0.11458333333333333
0 0.7933593750000001 0.4 0.07265625 0.09791666666666667
0 0.88984375 0.359375 0.0859375 0.12291666666666666
0 0.9375 0.07291666666666667 0.08281250000000001 0.12291666666666666
0 0.8859375 0.08802083333333333 0.06406250000000001 0.121875
0 0.825390625 0.653125 0.07890625000000001 0.10833333333333334
0 0.737890625 0.6234375 0.07421875 0.08645833333333333
0 0.7152343750000001 0.78125 0.047656250000000004 0.05416666666666667
0 0.512109375 0.9322916666666666 0.07578125000000001 0.09791666666666667
0 0.483203125 0.9562499999999999 0.09453125000000001 0.07291666666666667
0 0.39960937500000004 0.921875 0.08828125 0.10208333333333333
0 0.37734375000000003 0.7098958333333333 0.0703125 0.10104166666666667
0 0.40703125 0.7598958333333333 0.078125 0.09895833333333333
0 0.32656250000000003 0.7536458333333333 0.07500000000000001 0.10729166666666666
0 0.21601562500000002 0.5880208333333333 0.09140625000000001 0.128125
0 0.29609375 0.6072916666666667 0.0765625 0.10208333333333333
0 0.394140625 0.5875 0.07109375 0.10416666666666667
0 0.48945312500000004 0.6015625 0.041406250000000006 0.057291666666666664
0 0.36484375 0.4046875 0.0421875 0.046875
0 0.644140625 0.23802083333333332 0.02109375 0.026041666666666668
0 0.74140625 0.075 0.0171875 0.022916666666666665
0 0.673828125 0.12343749999999999 0.02109375 0.03229166666666666
0 0.684765625 0.21979166666666666 0.01953125 0.027083333333333334
0 0.6277343750000001 0.6947916666666667 0.02109375 0.029166666666666667
0 0.40742187500000004 0.17864583333333334 0.03671875 0.04895833333333333
