0 0.10703125000000001 0.303125 0.046875 0.05
0 0.15585937500000002 0.296875 0.03671875 0.052083333333333336
0 0.18984375 0.2703125 0.046875 0.057291666666666664
0 0.21953125 0.14947916666666666 0.040625 0.051041666666666666
0 0.194140625 0.36354166666666665 0.03828125 0.04791666666666666
0 0.44453125000000004 0.2953125 0.06406250000000001 0.071875
0 0.5453125 0.3020833333333333 0.08750000000000001 0.11666666666666667
0 0.546484375 0.409375 0.08828125 0.09583333333333333
0 0.792578125 0.6734375 0.09609375 0.13020833333333334
0 0.7429687500000001 0.7 0.07187500000000001 0.13125
0 0.578125 0.7473958333333334 0.109375 0.13645833333333332
0 0.5828125000000001 0.8552083333333333 0.078125 0.09791666666666667
0 0.34140625 0.5052083333333334 0.08750000000000001 0.11666666666666667
0 0.28750000000000003 0.4614583333333333 0.06406250000000001 0.10833333333333334
0 0.076171875 0.5744791666666667 0.04609375 0.046875
