0 0.06171875 0.4765625 0.06406250000000001 0.084375
0 0.12617187500000002 0.41770833333333335 0.07421875 0.11041666666666666
0 0.18906250000000002 0.37447916666666664 0.0703125 0.08229166666666667
0 0.114453125 0.6109375 0.06171875 0.090625
0 0.3875 0.578125 0.05625 0.06666666666666667
0 0.593359375 0.5473958333333333 0.08203125 0.11562499999999999
0 0.521875 0.5494791666666666 0.07500000000000001 0.12604166666666666
0 0.444921875 0.409375 0.08515625 0.10833333333333334
0 0.9171875 0.3567708333333333 0.08750000000000001 0.13645833333333332
0 0.883984375 0.6286458333333333 0.08203125 0.11979166666666667
0 0.8269531250000001 0.7078125 0.07265625 0.09479166666666666
0 0.7820312500000001 0.6046875 0.06875 0.09895833333333333
0 0.7214843750000001 0.5130208333333334 0.06796875000000001 0.09895833333333333
0 0.62265625 0.8510416666666667 0.0703125 0.08333333333333333
0 0.7035156250000001 0.9072916666666666 0.06953125 0.09791666666666667
0 0.770703125 0.8703124999999999 0.06640625 0.10104166666666667
0 0.513671875 0.8588541666666667 0.04296875 0.04479166666666667
