0 0.28046875 0.27447916666666666 0.10625000000000001 0.13229166666666667
0 0.230859375 0.1453125 0.10078125 0.11562499999999999
0 0.135546875 0.23541666666666666 0.10546875 0.12916666666666665
0 0.031640625 0.3572916666666667 0.06171875 0.10625
0 0.05 0.5453125 0.09062500000000001 0.12395833333333334
0 0.21015625000000002 0.6369791666666667 0.1015625 0.12604166666666666
0 0.151171875 0.8791666666666667 0.07421875 0.1
0 0.9085937500000001 0.48541666666666666 0.1015625 0.13958333333333334
0 0.786328125 0.590625 0.09140625000000001 0.13125
0 0.6531250000000001 0.9692708333333333 0.0546875 0.046875
0 0.6160156250000001 0.03802083333333333 0.09140625000000001 0.07395833333333333
0 0.70625 0.03229166666666666 0.1078125 0.058333333333333334
0 0.8539062500000001 0.11302083333333333 0.08750000000000001 0.08645833333333333
0 0.21445312500000002 0.9333333333333333 0.08515625 0.09791666666666667
