0 0.599609375 0.5890625 0.10390625 0.134375
0 0.765625 0.725 0.109375 0.14166666666666666
0 0.8539062500000001 0.7119791666666666 0.0703125 0.13020833333333334
0 0.956640625 0.5796875 0.08046875 0.11770833333333333
0 0.901953125 0.2875 0.05234375 0.07916666666666666
0 0.8636718750000001 0.3234375 0.04453125 0.06770833333333333
0 0.67734375 0.25 0.034375 0.05
0 0.61875 0.24635416666666665 0.035937500000000004 0.03854166666666667
0 0.546484375 0.296875 0.04609375 0.0625
0 0.534375 0.3625 0.046875 0.052083333333333336
0 0.658203125 0.12291666666666666 0.11640625 0.16041666666666665
0 0.727734375 0.07864583333333333 0.08984375 0.15520833333333334
0 0.05234375 0.7296875 0.07968750000000001 0.10729166666666666
0 0.23046875 0.5786458333333333 0.0765625 0.11145833333333333
0 0.315234375 0.5604166666666667 0.08515625 0.11666666666666667
0 0.325 0.6916666666666667 0.07968750000000001 0.12083333333333333
0 0.451953125 0.7692708333333333 0.10546875 0.128125
0 0.523046875 0.6765625 0.09453125000000001 0.134375
0 0.6179687500000001 0.7708333333333334 0.0859375 0.12291666666666666
0 0.69296875 0.8307291666666666 0.09062500000000001 0.11770833333333333
0 0.19140625 0.7614583333333333 0.08125 0.11458333333333333
0 0.36171875000000003 0.7640625 0.060937500000000006 0.08854166666666667
0 0.31875000000000003 0.259375 0.045312500000000006 0.06458333333333333
0 0.24765625000000002 0.20625 0.035937500000000004 0.05416666666666667
0 0.19648437500000002 0.2421875 0.032031250000000004 0.051041666666666666
0 0.11484375000000001 0.28229166666666666 0.0328125 0.04791666666666666
0 0.16796875 0.21979166666666666 0.0328125 0.04375
0 0.078125 0.3765625 0.0390625 0.046875
0 0.09335937500000001 0.26510416666666664 0.03828125 0.046875
0 0.098828125 0.02395833333333333 0.03828125 0.04583333333333333
0 0.26210937500000003 0.0671875 0.11953125 0.13229166666666667
0 0.32070312500000003 0.14791666666666667 0.08671875000000001 0.11458333333333333
0 0.505859375 0.10677083333333333 0.07890625000000001 0.134375
