0 0.24570312500000002 0.36302083333333335 0.09140625000000001 0.134375
0 0.178125 0.3890625 0.08281250000000001 0.12604166666666666
0 0.30703125000000003 0.14947916666666666 0.0328125 0.07395833333333333
0 0.311328125 0.0453125 0.06484375 0.08854166666666667
0 0.12812500000000002 0.041666666666666664 0.059375000000000004 0.06458333333333333
0 0.43671875000000004 0.10364583333333333 0.0734375 0.10520833333333333
0 0.580078125 0.026041666666666668 0.08671875000000001 0.05
0 0.4609375 0.4817708333333333 0.08750000000000001 0.11354166666666667
0 0.6058593750000001 0.5015625 0.09921875000000001 0.11562499999999999
0 0.651953125 0.6348958333333333 0.08828125 0.11354166666666667
0 0.661328125 0.7484375 0.08984375 0.103125
0 0.784375 0.8640625 0.0765625 0.09479166666666666
0 0.84140625 0.85625 0.0546875 0.08333333333333333
0 0.8382812500000001 0.7838541666666666 0.06406250000000001 0.08645833333333333
0 0.878515625 0.6473958333333333 0.06796875000000001 0.096875
0 0.284375 0.9598958333333333 0.08125 0.08020833333333333
0 0.22226562500000002 0.984375 0.07265625 0.03125
0 0.381640625 0.6875 0.08046875 0.09375
0 0.194140625 0.6489583333333333 0.08828125 0.11666666666666667
0 0.209375 0.7359375 0.0765625 0.08854166666666667
0 0.39960937500000004 0.26979166666666665 0.02421875 0.029166666666666667
0 0.390625 0.23541666666666666 0.021875000000000002 0.027083333333333334
0 0.4296875 0.21145833333333333 0.028125 0.029166666666666667
0 0.5390625 0.2682291666666667 0.0234375 0.02395833333333333
0 0.47187500000000004 0.21770833333333334 0.018750000000000003 0.025
0 0.5046875000000001 0.346875 0.021875000000000002 0.035416666666666666
