0 0.199609375 0.20729166666666665 0.09765625 0.125
0 0.35390625000000003 0.14427083333333332 0.1078125 0.13645833333333332
0 0.240625 0.049479166666666664 0.10625000000000001 0.096875
0 0.377734375 0.4197916666666667 0.11484375000000001 0.125
0 0.428515625 0.34479166666666666 0.08671875000000001 0.13125
0 0.13671875 0.565625 0.08281250000000001 0.1
0 0.20859375000000002 0.5708333333333333 0.0625 0.10416666666666667
0 0.55625 0.6927083333333334 0.09062500000000001 0.125
0 0.630859375 0.5604166666666667 0.11171875 0.14583333333333334
0 0.65546875 0.6598958333333333 0.1 0.103125
0 0.619140625 0.778125 0.09765625 0.12916666666666665
0 0.56953125 0.875 0.0921875 0.11458333333333333
0 0.65546875 0.8536458333333333 0.08750000000000001 0.10104166666666667
0 0.455078125 0.9041666666666667 0.07734375 0.11458333333333333
0 0.37421875000000004 0.9296875 0.09531250000000001 0.090625
0 0.7679687500000001 0.9182291666666667 0.0546875 0.057291666666666664
