0 0.36953125000000003 0.1390625 0.078125 0.10104166666666667
0 0.433203125 0.12708333333333333 0.055468750000000004 0.07708333333333334
0 0.555078125 0.10989583333333333 0.06953125 0.090625
0 0.590234375 0.20989583333333334 0.06640625 0.08854166666666667
0 0.778515625 0.196875 0.03515625 0.05416666666666667
0 0.607421875 0.6041666666666666 0.07578125000000001 0.11458333333333333
0 0.683203125 0.6651041666666666 0.06171875 0.090625
0 0.8093750000000001 0.6083333333333333 0.0671875 0.1
0 0.839453125 0.653125 0.05859375 0.09166666666666666
0 0.8148437500000001 0.4239583333333333 0.06875 0.1
0 0.7527343750000001 0.7989583333333333 0.06015625 0.07083333333333333
0 0.38906250000000003 0.7994791666666666 0.065625 0.08645833333333333
0 0.48085937500000003 0.7546875 0.04453125 0.06145833333333333
0 0.5328125 0.5869791666666666 0.07187500000000001 0.09895833333333333
0 0.39492187500000003 0.5015625 0.08515625 0.096875
0 0.45820312500000004 0.41041666666666665 0.08515625 0.10833333333333334
0 0.0859375 0.6442708333333333 0.0671875 0.08645833333333333
0 0.139453125 0.621875 0.06171875 0.09583333333333333
0 0.8347656250000001 0.08125 0.039843750000000004 0.04791666666666666
0 0.24375000000000002 0.178125 0.07500000000000001 0.09166666666666666
0 0.1078125 0.07291666666666667 0.0671875 0.09166666666666666
0 0.01953125 0.303125 0.037500000000000006 0.09375
0 0.220703125 0.25677083333333334 0.04453125 0.05520833333333333
0 0.20703125 0.690625 0.021875000000000002 0.027083333333333334
0 0.241015625 0.6234375 0.01640625 0.021875
0 0.34453125 0.6109375 0.0390625 0.06145833333333333
