0 0.23164062500000002 0.790625 0.08828125 0.10833333333333334
0 0.358984375 0.8895833333333333 0.07890625000000001 0.1125
0 0.6015625 0.8833333333333333 0.065625 0.075
0 0.8871093750000001 0.9442708333333333 0.06328125 0.07604166666666666
0 0.519140625 0.6067708333333334 0.039843750000000004 0.053125
0 0.57578125 0.6052083333333333 0.065625 0.10416666666666667
0 0.634375 0.6010416666666667 0.0703125 0.1125
0 0.6839843750000001 0.6713541666666667 0.06796875000000001 0.08229166666666667
0 0.708984375 0.5463541666666667 0.09296875 0.11770833333333333
0 0.787109375 0.5333333333333333 0.08203125 0.09375
0 0.8542968750000001 0.5630208333333333 0.07421875 0.109375
0 0.9070312500000001 0.5619791666666667 0.06406250000000001 0.10729166666666666
0 0.398046875 0.29010416666666666 0.08671875000000001 0.11354166666666667
0 0.34218750000000003 0.34010416666666665 0.084375 0.090625
0 0.129296875 0.5296875 0.07109375 0.09895833333333333
0 0.23203125000000002 0.5197916666666667 0.059375000000000004 0.0875
0 0.353515625 0.16875 0.09453125000000001 0.12708333333333333
0 0.312109375 0.2296875 0.07421875 0.128125
0 0.6359375 0.22291666666666665 0.0421875 0.052083333333333336
0 0.6429687500000001 0.271875 0.046875 0.05416666666666667
0 0.7609375 0.1828125 0.0421875 0.06145833333333333
0 0.669140625 0.19791666666666666 0.04296875 0.05
0 0.669140625 0.14114583333333333 0.04453125 0.057291666666666664
0 0.6316406250000001 0.15677083333333333 0.03359375 0.05520833333333333
0 0.646484375 0.07708333333333334 0.041406250000000006 0.058333333333333334
0 0.5789062500000001 0.11302083333333333 0.043750000000000004 0.059375
0 0.5234375 0.19010416666666666 0.0421875 0.053125
0 0.06406250000000001 0.2859375 0.078125 0.084375
0 0.6671875 0.4536458333333333 0.0671875 0.084375
