0 0.12421875 0.3734375 0.09062500000000001 0.13645833333333332
0 0.25703125 0.24166666666666667 0.1 0.14583333333333334
0 0.358203125 0.1515625 0.10078125 0.15104166666666666
0 0.40937500000000004 0.2796875 0.115625 0.14270833333333333
0 0.166015625 0.553125 0.09453125000000001 0.125
0 0.349609375 0.6520833333333333 0.10546875 0.1375
0 0.265625 0.8958333333333334 0.07968750000000001 0.10208333333333333
0 0.325 0.9453125 0.084375 0.096875
0 0.731640625 0.0484375 0.08828125 0.09479166666666666
0 0.825390625 0.04010416666666666 0.09921875000000001 0.078125
0 0.8968750000000001 0.6 0.096875 0.12916666666666665
0 0.7152343750000001 0.9697916666666666 0.047656250000000004 0.05625
0 0.942578125 0.9125 0.07890625000000001 0.0875
