0 0.2546875 0.17916666666666667 0.0390625 0.05416666666666667
0 0.291015625 0.20104166666666667 0.041406250000000006 0.05416666666666667
0 0.4453125 0.146875 0.0890625 0.1125
0 0.49140625000000004 0.20260416666666667 0.09062500000000001 0.10729166666666666
0 0.56796875 0.11979166666666667 0.078125 0.10416666666666667
0 0.47265625 0.027083333333333334 0.1015625 0.052083333333333336
0 0.024609375000000003 0.06875 0.047656250000000004 0.11458333333333333
0 0.1046875 0.5057291666666667 0.07187500000000001 0.09479166666666666
0 0.13359375 0.5932291666666667 0.07968750000000001 0.10729166666666666
0 0.0734375 0.8088541666666667 0.078125 0.09270833333333334
0 0.118359375 0.721875 0.08203125 0.09166666666666666
0 0.07109375 0.890625 0.09843750000000001 0.08125
0 0.14140625 0.9505208333333334 0.0765625 0.090625
0 0.36640625000000004 0.8958333333333334 0.0921875 0.10416666666666667
0 0.47109375000000003 0.7619791666666667 0.08750000000000001 0.096875
0 0.416796875 0.5822916666666667 0.09765625 0.12291666666666666
0 0.5906250000000001 0.6979166666666666 0.09062500000000001 0.12083333333333333
0 0.638671875 0.7786458333333334 0.07890625000000001 0.10729166666666666
0 0.8109375000000001 0.6973958333333333 0.09375 0.11354166666666667
0 0.9261718750000001 0.7479166666666667 0.09140625000000001 0.11041666666666666
0 0.96796875 0.65625 0.0578125 0.1
0 0.948828125 0.43697916666666664 0.08359375000000001 0.10520833333333333
0 0.813671875 0.328125 0.03671875 0.04583333333333333
0 0.8777343750000001 0.24427083333333333 0.03359375 0.057291666666666664
0 0.9105468750000001 0.18958333333333333 0.03515625 0.05625
0 0.6058593750000001 0.4708333333333333 0.057031250000000006 0.07708333333333334
0 0.33046875000000003 0.4270833333333333 0.0421875 0.058333333333333334
0 0.259375 0.646875 0.0546875 0.07916666666666666
0 0.215625 0.8817708333333333 0.0390625 0.059375
0 0.24921875000000002 0.9473958333333333 0.0578125 0.06145833333333333
0 0.28554687500000003 0.8666666666666667 0.05234375 0.06458333333333333
0 0.693359375 0.9796874999999999 0.02109375 0.02395833333333333
