0 0.03671875 0.5234375 0.07187500000000001 0.13020833333333334
0 0.121484375 0.5015625 0.08828125 0.12395833333333334
0 0.16328125000000002 0.6145833333333334 0.09843750000000001 0.12291666666666666
0 0.212890625 0.5145833333333333 0.09296875 0.13958333333333334
0 0.29609375 0.5479166666666666 0.0859375 0.1125
0 0.29453125 0.4244791666666667 0.096875 0.128125
0 0.225390625 0.38385416666666666 0.08984375 0.13854166666666667
0 0.16367187500000002 0.2760416666666667 0.04609375 0.0625
0 0.48984375 0.44947916666666665 0.084375 0.11562499999999999
0 0.732421875 0.5744791666666667 0.07734375 0.11145833333333333
0 0.603125 0.615625 0.078125 0.10833333333333334
0 0.6625000000000001 0.5390625 0.0703125 0.10520833333333333
0 0.7621093750000001 0.47291666666666665 0.07109375 0.10833333333333334
