0 0.151171875 0.3598958333333333 0.11328125 0.17604166666666665
0 0.04609375 0.3364583333333333 0.08750000000000001 0.1625
0 0.15976562500000002 0.0609375 0.09609375 0.11770833333333333
0 0.248046875 0.24114583333333334 0.03515625 0.051041666666666666
0 0.25234375000000003 0.29635416666666664 0.0390625 0.051041666666666666
0 0.748046875 0.08177083333333333 0.08984375 0.12604166666666666
0 0.830078125 0.12708333333333333 0.10234375000000001 0.15416666666666667
0 0.5496093750000001 0.07135416666666666 0.10703125000000001 0.11354166666666667
0 0.594140625 0.7734375 0.10390625 0.159375
0 0.68671875 0.8151041666666666 0.09531250000000001 0.13229166666666667
0 0.890625 0.6270833333333333 0.084375 0.12291666666666666
0 0.19101562500000002 0.7484375 0.10859375 0.13020833333333334
0 0.306640625 0.7510416666666666 0.12265625000000001 0.14791666666666667
0 0.65625 0.9067708333333333 0.040625 0.04479166666666667
0 0.48984375 0.9666666666666667 0.05 0.05
0 0.54921875 0.965625 0.051562500000000004 0.05625
0 0.598828125 0.9625 0.041406250000000006 0.041666666666666664
0 0.9593750000000001 0.7317708333333334 0.07500000000000001 0.109375
0 0.833203125 0.709375 0.06328125 0.10625
0 0.7156250000000001 0.24010416666666667 0.034375 0.04895833333333333
0 0.96015625 0.06822916666666666 0.07968750000000001 0.128125
0 0.9792968750000001 0.33958333333333335 0.032031250000000004 0.06041666666666667
0 0.938671875 0.2890625 0.02890625 0.046875
