0 0.22734375 0.18854166666666666 0.046875 0.06875
0 0.27187500000000003 0.30885416666666665 0.06406250000000001 0.08020833333333333
0 0.36796875 0.5364583333333334 0.035937500000000004 0.0875
0 0.30625 0.9411458333333333 0.0671875 0.08229166666666667
0 0.421875 0.6927083333333334 0.043750000000000004 0.05
0 0.618359375 0.8854166666666666 0.07109375 0.08333333333333333
0 0.5945312500000001 0.3953125 0.05625 0.06354166666666666
0 0.58125 0.08854166666666667 0.037500000000000006 0.058333333333333334
0 0.4453125 0.03697916666666667 0.0671875 0.06979166666666667
0 0.1546875 0.15989583333333332 0.0421875 0.04479166666666667
0 0.271484375 0.2 0.05078125 0.06041666666666667
