0 0.0390625 0.25416666666666665 0.0765625 0.10833333333333334
0 0.098046875 0.1609375 0.09296875 0.11770833333333333
0 0.18203125 0.03854166666666667 0.0859375 0.075
0 0.349609375 0.0609375 0.10546875 0.11979166666666667
0 0.4453125 0.0609375 0.10312500000000001 0.11979166666666667
0 0.51796875 0.044270833333333336 0.10625000000000001 0.08645833333333333
0 0.40273437500000003 0.15677083333333333 0.08828125 0.103125
0 0.791015625 0.303125 0.05234375 0.06875
0 0.962890625 0.08385416666666666 0.07265625 0.109375
0 0.829296875 0.6921875 0.08203125 0.10729166666666666
0 0.9148437500000001 0.6682291666666667 0.0765625 0.109375
0 0.7703125000000001 0.6578125 0.060937500000000006 0.103125
0 0.5796875 0.7776041666666667 0.09062500000000001 0.09479166666666666
0 0.404296875 0.7442708333333333 0.08984375 0.10729166666666666
0 0.208984375 0.7083333333333334 0.09609375 0.11041666666666666
0 0.515625 0.5364583333333334 0.07968750000000001 0.10625
0 0.421875 0.2677083333333333 0.040625 0.05625
0 0.532421875 0.20104166666666667 0.039843750000000004 0.041666666666666664
0 0.58203125 0.20104166666666667 0.040625 0.05416666666666667
0 0.47187500000000004 0.7890625 0.0625 0.121875
