0 0.2109375 0.2526041666666667 0.1015625 0.13020833333333334
0 0.114453125 0.2765625 0.09140625000000001 0.13020833333333334
0 0.10429687500000001 0.10989583333333333 0.10546875 0.140625
0 0.432421875 0.0359375 0.09921875000000001 0.06979166666666667
0 0.6253906250000001 0.15104166666666666 0.03671875 0.052083333333333336
0 0.663671875 0.16614583333333333 0.04453125 0.059375
0 0.70234375 0.10104166666666667 0.0328125 0.06041666666666667
0 0.853125 0.46979166666666666 0.08281250000000001 0.11458333333333333
0 0.91328125 0.5614583333333333 0.08125 0.11666666666666667
0 0.708984375 0.615625 0.09453125000000001 0.12083333333333333
0 0.59375 0.7046875 0.0859375 0.11145833333333333
0 0.5421875 0.7286458333333333 0.0734375 0.103125
0 0.749609375 0.7791666666666667 0.08984375 0.13333333333333333
0 0.833984375 0.7916666666666666 0.08515625 0.125
0 0.892578125 0.9229166666666666 0.08671875000000001 0.1125
0 0.80234375 0.8744791666666667 0.084375 0.08645833333333333
0 0.605078125 0.8354166666666667 0.08046875 0.1
0 0.187890625 0.5125 0.09453125000000001 0.12291666666666666
0 0.229296875 0.40520833333333334 0.08515625 0.1125
0 0.35859375000000004 0.5015625 0.09062500000000001 0.121875
0 0.5085937500000001 0.43645833333333334 0.059375000000000004 0.06458333333333333
0 0.7800781250000001 0.45260416666666664 0.049218750000000006 0.04895833333333333
0 0.465625 0.6104166666666666 0.045312500000000006 0.05625
