0 0.30195312500000004 0.1515625 0.08515625 0.11770833333333333
0 0.256640625 0.18125 0.07421875 0.10208333333333333
0 0.338671875 0.35 0.07578125000000001 0.10625
0 0.39960937500000004 0.2828125 0.08828125 0.11770833333333333
0 0.564453125 0.09739583333333333 0.041406250000000006 0.04895833333333333
0 0.59765625 0.03177083333333333 0.040625 0.04895833333333333
0 0.5640625 0.0390625 0.034375 0.04479166666666667
0 0.63203125 0.475 0.0890625 0.1125
0 0.6980468750000001 0.5453125 0.08203125 0.103125
0 0.7722656250000001 0.5114583333333333 0.07265625 0.10208333333333333
0 0.8484375000000001 0.5197916666666667 0.0625 0.0875
0 0.437109375 0.49895833333333334 0.08515625 0.10208333333333333
0 0.537109375 0.5182291666666666 0.07421875 0.084375
0 0.5 0.5817708333333333 0.07500000000000001 0.06979166666666667
0 0.521875 0.65 0.0671875 0.07916666666666666
0 0.41445312500000003 0.6479166666666667 0.06484375 0.07916666666666666
0 0.26171875 0.775 0.06875 0.08541666666666667
0 0.021875000000000002 0.40260416666666665 0.0421875 0.09270833333333334
0 0.23671875 0.34270833333333334 0.045312500000000006 0.05
0 0.762890625 0.965625 0.08046875 0.06875
0 0.59765625 0.15989583333333332 0.026562500000000003 0.03229166666666666
0 0.814453125 0.016666666666666666 0.02109375 0.03125
