0 0.052734375 0.34270833333333334 0.08984375 0.16041666666666665
0 0.153125 0.35885416666666664 0.1125 0.178125
0 0.16953125000000002 0.052083333333333336 0.09843750000000001 0.10208333333333333
0 0.55 0.075 0.09531250000000001 0.09791666666666667
0 0.7453125 0.08125 0.0921875 0.12916666666666665
0 0.837109375 0.121875 0.10078125 0.15
0 0.5964843750000001 0.7739583333333333 0.09921875000000001 0.15208333333333332
0 0.69140625 0.8192708333333333 0.084375 0.11145833333333333
0 0.894140625 0.6265625 0.08359375000000001 0.13854166666666667
0 0.962109375 0.7302083333333333 0.06953125 0.11458333333333333
0 0.31171875000000004 0.7494791666666667 0.1265625 0.14270833333333333
0 0.190234375 0.7416666666666667 0.09609375 0.11458333333333333
0 0.49531250000000004 0.9645833333333333 0.046875 0.052083333333333336
0 0.5535156250000001 0.9630208333333333 0.057031250000000006 0.04479166666666667
0 0.24960937500000002 0.2375 0.03828125 0.052083333333333336
0 0.25390625 0.2911458333333333 0.046875 0.057291666666666664
