0 0.048828125 0.5229166666666667 0.06640625 0.08333333333333333
0 0.14921875 0.5348958333333333 0.06875 0.08854166666666667
0 0.264453125 0.6083333333333333 0.08515625 0.1125
0 0.33320312500000004 0.6067708333333334 0.06015625 0.071875
0 0.29609375 0.4276041666666667 0.0625 0.06979166666666667
0 0.23828125 0.7885416666666667 0.0546875 0.06666666666666667
0 0.17148437500000002 0.9708333333333333 0.06171875 0.058333333333333334
0 0.3328125 0.9708333333333333 0.06406250000000001 0.058333333333333334
0 0.548828125 0.759375 0.07109375 0.09791666666666667
0 0.6703125000000001 0.625 0.0765625 0.10416666666666667
0 0.565625 0.5625 0.0734375 0.10208333333333333
0 0.823828125 0.5395833333333333 0.06953125 0.1
0 0.8914062500000001 0.5447916666666667 0.078125 0.11041666666666666
0 0.9710937500000001 0.18541666666666667 0.0578125 0.1125
0 0.9078125 0.6729166666666666 0.059375000000000004 0.09166666666666666
0 0.96796875 0.6192708333333333 0.06406250000000001 0.09270833333333334
0 0.35585937500000003 0.6651041666666666 0.05234375 0.057291666666666664
0 0.134765625 0.14114583333333333 0.03515625 0.051041666666666666
0 0.28828125 0.121875 0.037500000000000006 0.05
0 0.32148437500000004 0.11302083333333333 0.03828125 0.057291666666666664
0 0.41523437500000004 0.09166666666666666 0.03671875 0.04583333333333333
0 0.359375 0.13958333333333334 0.040625 0.041666666666666664
0 0.26328125 0.03697916666666667 0.037500000000000006 0.04895833333333333
0 0.234765625 0.04791666666666666 0.032031250000000004 0.041666666666666664
0 0.232421875 0.10208333333333333 0.03515625 0.04791666666666666
