0 0.275390625 0.22291666666666665 0.09453125000000001 0.11458333333333333
0 0.384375 0.18125 0.09375 0.11666666666666667
0 0.57421875 0.042708333333333334 0.115625 0.08125
0 0.6023437500000001 0.2552083333333333 0.084375 0.1375
0 0.5140625 0.278125 0.10625000000000001 0.14583333333333334
0 0.41132812500000004 0.36302083333333335 0.09296875 0.121875
0 0.296484375 0.5723958333333333 0.06796875000000001 0.103125
0 0.3609375 0.6364583333333333 0.07500000000000001 0.10208333333333333
0 0.48945312500000004 0.56875 0.08046875 0.11458333333333333
0 0.66328125 0.51875 0.09375 0.13333333333333333
0 0.7449218750000001 0.49322916666666666 0.08671875000000001 0.11770833333333333
0 0.7527343750000001 0.5916666666666667 0.07578125000000001 0.11458333333333333
0 0.6511718750000001 0.6385416666666667 0.09921875000000001 0.11041666666666666
0 0.570703125 0.6078125 0.07734375 0.13229166666666667
0 0.8773437500000001 0.48333333333333334 0.08750000000000001 0.11666666666666667
0 0.8718750000000001 0.6052083333333333 0.0765625 0.10416666666666667
0 0.30781250000000004 0.8973958333333333 0.060937500000000006 0.078125
0 0.710546875 0.9442708333333333 0.08515625 0.09479166666666666
0 0.673046875 0.79375 0.06796875000000001 0.1
0 0.44648437500000004 0.7755208333333333 0.08046875 0.10104166666666667
