0 0.107421875 0.4421875 0.08046875 0.10520833333333333
0 0.205078125 0.42552083333333335 0.08203125 0.11145833333333333
0 0.135546875 0.5151041666666667 0.07890625000000001 0.09270833333333334
0 0.36250000000000004 0.4536458333333333 0.0859375 0.11770833333333333
0 0.4265625 0.4661458333333333 0.078125 0.11979166666666667
0 0.6742187500000001 0.340625 0.0578125 0.08125
0 0.718359375 0.32447916666666665 0.07578125000000001 0.10104166666666667
0 0.7996093750000001 0.22864583333333333 0.07734375 0.11770833333333333
0 0.6277343750000001 0.0953125 0.07734375 0.103125
0 0.56484375 0.8484375 0.0890625 0.109375
0 0.41484375 0.9249999999999999 0.078125 0.09166666666666666
0 0.4625 0.6333333333333333 0.07187500000000001 0.08958333333333333
0 0.63046875 0.5541666666666667 0.021875000000000002 0.03333333333333333
0 0.7269531250000001 0.5854166666666667 0.022656250000000003 0.03125
