0 0.168359375 0.0703125 0.09609375 0.11979166666666667
0 0.353515625 0.16770833333333332 0.07578125000000001 0.11041666666666666
0 0.29140625000000003 0.165625 0.06875 0.10833333333333334
0 0.295703125 0.06197916666666667 0.08828125 0.09479166666666666
0 0.7386718750000001 0.022395833333333334 0.11640625 0.042708333333333334
0 0.950390625 0.034895833333333334 0.08828125 0.06770833333333333
0 0.966796875 0.5526041666666667 0.06640625 0.14479166666666665
0 0.9734375000000001 0.721875 0.053125000000000006 0.11875
0 0.859375 0.7010416666666667 0.08750000000000001 0.09791666666666667
0 0.6042968750000001 0.6979166666666666 0.08515625 0.10208333333333333
0 0.5265625 0.7390625 0.1046875 0.11562499999999999
0 0.609375 0.2791666666666667 0.043750000000000004 0.05416666666666667
0 0.240625 0.9562499999999999 0.0765625 0.08541666666666667
0 0.094140625 0.6427083333333333 0.09609375 0.12291666666666666
0 0.08750000000000001 0.7510416666666666 0.08125 0.10416666666666667
0 0.026562500000000003 0.6734375 0.051562500000000004 0.12604166666666666
0 0.7039062500000001 0.9296875 0.040625 0.040625
0 0.7078125000000001 0.7213541666666666 0.018750000000000003 0.021875
0 0.762890625 0.6807291666666666 0.022656250000000003 0.028125
0 0.43593750000000003 0.71875 0.0234375 0.04791666666666666
