0 0.22578125000000002 0.4515625 0.045312500000000006 0.046875
0 0.32421875 0.5473958333333333 0.09531250000000001 0.134375
0 0.37617187500000004 0.7338541666666667 0.09921875000000001 0.11562499999999999
0 0.687109375 0.6588541666666666 0.07421875 0.084375
0 0.620703125 0.6510416666666666 0.07734375 0.1
0 0.7468750000000001 0.534375 0.07187500000000001 0.11041666666666666
0 0.8074218750000001 0.5614583333333333 0.04296875 0.06666666666666667
0 0.56875 0.4348958333333333 0.0578125 0.05520833333333333
0 0.57421875 0.20260416666666667 0.040625 0.04479166666666667
0 0.46015625000000004 0.0796875 0.0859375 0.11562499999999999
0 0.394140625 0.03697916666666667 0.10234375000000001 0.071875
0 0.244921875 0.34479166666666666 0.04296875 0.04791666666666666
