0 0.10507812500000001 0.43854166666666666 0.07109375 0.1
0 0.20039062500000002 0.42604166666666665 0.07890625000000001 0.11666666666666667
0 0.13984375000000002 0.5140625 0.078125 0.09895833333333333
0 0.35976562500000003 0.4557291666666667 0.08515625 0.109375
0 0.427734375 0.46770833333333334 0.08046875 0.11875
0 0.671875 0.3385416666666667 0.046875 0.08541666666666667
0 0.71640625 0.3338541666666667 0.0703125 0.08229166666666667
0 0.79609375 0.23020833333333332 0.07500000000000001 0.10625
0 0.628125 0.10260416666666666 0.0734375 0.10520833333333333
0 0.09648437500000001 0.036458333333333336 0.07734375 0.07083333333333333
0 0.08476562500000001 0.9588541666666667 0.06796875000000001 0.06979166666666667
0 0.415625 0.9260416666666667 0.0734375 0.08958333333333333
0 0.5609375 0.8494791666666667 0.08281250000000001 0.10520833333333333
0 0.4625 0.6401041666666667 0.07187500000000001 0.090625
0 0.9375 0.44375 0.07500000000000001 0.11458333333333333
0 0.8464843750000001 0.4973958333333333 0.08046875 0.09895833333333333
0 0.630078125 0.5541666666666667 0.02421875 0.029166666666666667
0 0.7289062500000001 0.5838541666666667 0.025 0.03229166666666666
0 0.6824218750000001 0.42916666666666664 0.017968750000000002 0.020833333333333332
