0 0.063671875 0.11875 0.09453125000000001 0.12291666666666666
0 0.21484375 0.04375 0.1015625 0.08541666666666667
0 0.31875000000000003 0.02395833333333333 0.1125 0.04583333333333333
0 0.217578125 0.159375 0.09921875000000001 0.125
0 0.146875 0.25625 0.09843750000000001 0.12083333333333333
0 0.478125 0.05572916666666666 0.09843750000000001 0.109375
0 0.581640625 0.058854166666666666 0.10078125 0.11562499999999999
0 0.659375 0.049479166666666664 0.1078125 0.096875
0 0.523046875 0.16979166666666667 0.09453125000000001 0.075
0 0.452734375 0.128125 0.10078125 0.12708333333333333
0 0.33437500000000003 0.7234375 0.0921875 0.11770833333333333
0 0.5320312500000001 0.7578125 0.0921875 0.12395833333333334
0 0.476171875 0.7661458333333333 0.06953125 0.13020833333333334
0 0.641796875 0.5458333333333333 0.08046875 0.10625
0 0.8382812500000001 0.3104166666666667 0.045312500000000006 0.0625
0 0.637890625 0.20625 0.05390625 0.06875
0 0.94453125 0.6979166666666666 0.08125 0.1125
0 0.8832031250000001 0.6609375 0.06328125 0.09895833333333333
0 0.6984375 0.7796875 0.0765625 0.103125
0 0.5906250000000001 0.796875 0.0703125 0.1125
0 0.133203125 0.5010416666666666 0.08984375 0.11041666666666666
0 0.017578125 0.33697916666666666 0.032031250000000004 0.10520833333333333
0 0.47304687500000003 0.2682291666666667 0.03828125 0.051041666666666666
0 0.58359375 0.21302083333333333 0.037500000000000006 0.06145833333333333
