0 0.237109375 0.20677083333333332 0.08828125 0.13229166666666667
0 0.17109375000000002 0.19791666666666666 0.0671875 0.12083333333333333
0 0.017578125 0.033854166666666664 0.03359375 0.065625
0 0.343359375 0.08958333333333333 0.09609375 0.125
0 0.67734375 0.034375 0.07968750000000001 0.06666666666666667
0 0.479296875 0.2526041666666667 0.039843750000000004 0.065625
0 0.51171875 0.22552083333333334 0.040625 0.05520833333333333
0 0.54296875 0.3729166666666667 0.045312500000000006 0.05625
0 0.694921875 0.26197916666666665 0.041406250000000006 0.059375
0 0.775390625 0.7078125 0.07109375 0.090625
0 0.703125 0.7546875 0.0734375 0.10729166666666666
0 0.5554687500000001 0.9760416666666667 0.0703125 0.04791666666666666
0 0.509375 0.9265625 0.0734375 0.09479166666666666
0 0.44765625000000003 0.7729166666666667 0.07187500000000001 0.09791666666666667
0 0.38203125000000004 0.7984375 0.084375 0.08854166666666667
0 0.37734375000000003 0.6890625 0.08750000000000001 0.11562499999999999
0 0.3453125 0.8723958333333334 0.07500000000000001 0.10104166666666667
0 0.31328125 0.6880208333333333 0.059375000000000004 0.103125
0 0.17578125 0.7072916666666667 0.07968750000000001 0.10625
0 0.076171875 0.7953125 0.07890625000000001 0.10104166666666667
0 0.031640625 0.71875 0.05859375 0.09166666666666666
0 0.40703125 0.07864583333333333 0.06875 0.09479166666666666
