0 0.010546875 0.24322916666666666 0.01953125 0.053125
0 0.06640625 0.3338541666666667 0.11406250000000001 0.16145833333333334
0 0.17500000000000002 0.35260416666666666 0.1125 0.17604166666666665
0 0.25859375 0.29375 0.037500000000000006 0.05416666666666667
0 0.25546875 0.23906249999999998 0.040625 0.046875
0 0.18320312500000002 0.057291666666666664 0.10390625 0.11041666666666666
0 0.572265625 0.071875 0.10234375000000001 0.13541666666666666
0 0.7683593750000001 0.08229166666666667 0.08359375000000001 0.12916666666666665
0 0.654296875 0.059375 0.08828125 0.11666666666666667
0 0.853125 0.1203125 0.09843750000000001 0.16145833333333334
0 0.728515625 0.240625 0.04296875 0.058333333333333334
0 0.61875 0.7713541666666667 0.1 0.14895833333333333
0 0.7074218750000001 0.8083333333333333 0.08359375000000001 0.14166666666666666
0 0.66953125 0.9052083333333333 0.05 0.05416666666666667
0 0.20820312500000002 0.7427083333333333 0.11015625000000001 0.125
0 0.32578125 0.7505208333333333 0.1203125 0.16354166666666667
0 0.562890625 0.9635416666666666 0.049218750000000006 0.05416666666666667
0 0.503515625 0.9666666666666667 0.05078125 0.05416666666666667
0 0.904296875 0.6234375 0.07421875 0.12604166666666666
0 0.9695312500000001 0.7239583333333334 0.060937500000000006 0.11458333333333333
0 0.856640625 0.7046875 0.07578125000000001 0.11562499999999999
0 0.47421875 0.259375 0.05 0.07291666666666667
0 0.983984375 0.3375 0.030468750000000003 0.058333333333333334
0 0.018750000000000003 0.6958333333333333 0.035937500000000004 0.11458333333333333
0 0.01015625 0.09791666666666667 0.018750000000000003 0.05625
