0 0.27382812500000003 0.22291666666666665 0.08671875000000001 0.12291666666666666
0 0.386328125 0.17916666666666667 0.09296875 0.10625
0 0.5691406250000001 0.04635416666666667 0.11015625000000001 0.090625
0 0.6332031250000001 0.057812499999999996 0.07265625 0.096875
0 0.6019531250000001 0.2453125 0.09140625000000001 0.13645833333333332
0 0.5140625 0.271875 0.109375 0.14791666666666667
0 0.41132812500000004 0.35885416666666664 0.08359375000000001 0.128125
0 0.295703125 0.575 0.07109375 0.1
0 0.362109375 0.6333333333333333 0.07109375 0.10208333333333333
0 0.491015625 0.5708333333333333 0.08046875 0.12291666666666666
0 0.43281250000000004 0.5828125 0.0703125 0.103125
0 0.566015625 0.6067708333333334 0.07890625000000001 0.121875
0 0.6644531250000001 0.515625 0.09296875 0.12916666666666665
0 0.7429687500000001 0.4890625 0.08125 0.11145833333333333
0 0.8792968750000001 0.48072916666666665 0.08671875000000001 0.11562499999999999
0 0.870703125 0.6026041666666666 0.08203125 0.109375
0 0.7488281250000001 0.5921875 0.08515625 0.09479166666666666
0 0.6468750000000001 0.6411458333333333 0.0921875 0.11979166666666667
0 0.3125 0.9010416666666666 0.06875 0.08958333333333333
0 0.712109375 0.9395833333333333 0.09296875 0.08958333333333333
0 0.671484375 0.7989583333333333 0.07578125000000001 0.09791666666666667
0 0.574609375 0.7296875 0.08203125 0.09479166666666666
0 0.44960937500000003 0.7765625 0.07734375 0.109375
