0 0.268359375 0.5265625 0.041406250000000006 0.09895833333333333
0 0.184375 0.18541666666666667 0.05 0.05416666666666667
0 0.540234375 0.09010416666666667 0.047656250000000004 0.059375
0 0.526953125 0.13802083333333334 0.04609375 0.053125
0 0.444140625 0.49635416666666665 0.07109375 0.078125
0 0.36796875 0.6885416666666666 0.051562500000000004 0.05416666666666667
0 0.19882812500000002 0.9234375 0.07109375 0.084375
0 0.51015625 0.88125 0.0625 0.09375
0 0.7609375 0.5375 0.07187500000000001 0.09791666666666667
0 0.7937500000000001 0.42552083333333335 0.07968750000000001 0.11354166666666667
0 0.886328125 0.32760416666666664 0.09453125000000001 0.11562499999999999
0 0.482421875 0.3927083333333333 0.06015625 0.06666666666666667
0 0.47187500000000004 0.14947916666666666 0.040625 0.05520833333333333
