0 0.2 0.20781249999999998 0.09062500000000001 0.134375
0 0.24296875 0.05364583333333333 0.115625 0.10520833333333333
0 0.35585937500000003 0.146875 0.10390625 0.13958333333333334
0 0.43085937500000004 0.3442708333333333 0.08671875000000001 0.13020833333333334
0 0.37226562500000004 0.41822916666666665 0.11484375000000001 0.12395833333333334
0 0.139453125 0.56875 0.08671875000000001 0.1125
0 0.45390625 0.9046875 0.084375 0.10729166666666666
0 0.376953125 0.9302083333333333 0.11015625000000001 0.1125
0 0.5578125 0.6901041666666666 0.09531250000000001 0.128125
0 0.6332031250000001 0.5614583333333333 0.11328125 0.13541666666666666
0 0.6507812500000001 0.6677083333333333 0.0921875 0.12083333333333333
0 0.6179687500000001 0.7796875 0.10312500000000001 0.13645833333333332
0 0.5710937500000001 0.8770833333333333 0.09843750000000001 0.12291666666666666
0 0.65546875 0.8515625 0.0765625 0.09895833333333333
0 0.7660156250000001 0.9177083333333333 0.05859375 0.0625
0 0.211328125 0.5723958333333333 0.06640625 0.11145833333333333
