0 0.17421875 0.22135416666666666 0.115625 0.16770833333333332
0 0.59296875 0.09791666666666667 0.078125 0.12708333333333333
0 0.6453125000000001 0.11614583333333334 0.051562500000000004 0.090625
0 0.7542968750000001 0.0203125 0.09609375 0.034375
0 0.7816406250000001 0.08333333333333333 0.06796875000000001 0.08125
0 0.851171875 0.065625 0.06953125 0.09791666666666667
0 0.96484375 0.18697916666666667 0.06875 0.065625
0 0.941015625 0.2895833333333333 0.05390625 0.07708333333333334
0 0.921875 0.321875 0.0671875 0.052083333333333336
0 0.18125000000000002 0.7151041666666667 0.0765625 0.09479166666666666
0 0.57734375 0.6796875 0.08750000000000001 0.11770833333333333
0 0.696484375 0.7052083333333333 0.08984375 0.13333333333333333
0 0.5886718750000001 0.9635416666666666 0.08828125 0.07291666666666667
0 0.6683593750000001 0.96875 0.07734375 0.0625
