0 0.18515625000000002 0.3385416666666667 0.12812500000000002 0.16875
0 0.296484375 0.3572916666666667 0.10703125000000001 0.17291666666666666
0 0.323828125 0.7557291666666667 0.11171875 0.13020833333333334
0 0.444140625 0.7651041666666667 0.12578125 0.15729166666666666
0 0.7390625000000001 0.7791666666666667 0.1078125 0.14583333333333334
0 0.821484375 0.8213541666666666 0.07890625000000001 0.11770833333333333
0 0.48554687500000004 0.3098958333333333 0.055468750000000004 0.071875
0 0.67578125 0.07760416666666667 0.1078125 0.11770833333333333
0 0.8757812500000001 0.09166666666666666 0.08281250000000001 0.11875
0 0.955078125 0.1203125 0.07421875 0.14479166666666665
0 0.298046875 0.05260416666666667 0.10234375000000001 0.103125
0 0.065234375 0.5833333333333334 0.10078125 0.12708333333333333
0 0.06875 0.7182291666666667 0.1 0.13020833333333334
0 0.037109375 0.24322916666666666 0.032031250000000004 0.046875
0 0.026953125 0.0953125 0.04296875 0.04895833333333333
0 0.521484375 0.26875 0.05859375 0.07083333333333333
0 0.295703125 0.23958333333333334 0.03828125 0.04375
