0 0.021484375 0.403125 0.041406250000000006 0.0875
0 0.299609375 0.15364583333333334 0.08046875 0.11770833333333333
0 0.24921875000000002 0.17864583333333334 0.0546875 0.096875
0 0.22773437500000002 0.07447916666666667 0.06640625 0.09895833333333333
0 0.565625 0.09635416666666667 0.037500000000000006 0.053125
0 0.596875 0.030729166666666665 0.040625 0.053125
0 0.565625 0.03854166666666667 0.040625 0.041666666666666664
0 0.630078125 0.4770833333333333 0.08671875000000001 0.11875
0 0.53828125 0.5135416666666667 0.07968750000000001 0.09375
0 0.5203125000000001 0.65 0.06875 0.08333333333333333
0 0.415625 0.6520833333333333 0.065625 0.08333333333333333
0 0.5015625 0.5791666666666666 0.0734375 0.08125
0 0.43593750000000003 0.5005208333333333 0.0859375 0.11354166666666667
0 0.33632812500000003 0.3536458333333333 0.07578125000000001 0.11145833333333333
0 0.400390625 0.28541666666666665 0.08828125 0.11875
0 0.22265625 0.3463541666666667 0.0734375 0.06979166666666667
0 0.087890625 0.690625 0.05234375 0.07708333333333334
0 0.260546875 0.7765625 0.06484375 0.090625
0 0.26796875000000003 0.9041666666666667 0.06406250000000001 0.08125
0 0.20273437500000002 0.9348958333333334 0.047656250000000004 0.059375
0 0.03359375 0.8973958333333333 0.06406250000000001 0.10729166666666666
0 0.765625 0.9682291666666667 0.060937500000000006 0.06354166666666666
0 0.96015625 0.9510416666666667 0.06406250000000001 0.09375
0 0.7000000000000001 0.5458333333333333 0.08281250000000001 0.09791666666666667
0 0.77109375 0.5083333333333333 0.0703125 0.09166666666666666
0 0.8460937500000001 0.5161458333333333 0.0671875 0.090625
0 0.39570312500000004 0.5515625 0.06015625 0.06979166666666667
0 0.9828125000000001 0.5802083333333333 0.029687500000000002 0.09375
