0 0.366796875 0.24947916666666667 0.08671875000000001 0.11354166666666667
0 0.28554687500000003 0.2890625 0.09140625000000001 0.11979166666666667
0 0.44921875 0.096875 0.084375 0.10416666666666667
0 0.61328125 0.05677083333333333 0.10625000000000001 0.103125
0 0.45937500000000003 0.2453125 0.0328125 0.03854166666666667
0 0.509375 0.1859375 0.035937500000000004 0.046875
0 0.5417968750000001 0.20729166666666665 0.03515625 0.03958333333333333
0 0.59609375 0.18072916666666666 0.045312500000000006 0.057291666666666664
0 0.63828125 0.18385416666666665 0.0421875 0.06145833333333333
0 0.7332031250000001 0.2046875 0.039843750000000004 0.053125
0 0.67890625 0.2296875 0.040625 0.046875
0 0.6843750000000001 0.12239583333333333 0.043750000000000004 0.042708333333333334
0 0.696875 0.05572916666666666 0.040625 0.04895833333333333
0 0.884765625 0.2817708333333333 0.04296875 0.05520833333333333
0 0.954296875 0.534375 0.06328125 0.08541666666666667
0 0.8992187500000001 0.7192708333333333 0.07187500000000001 0.08854166666666667
0 0.798046875 0.7 0.06953125 0.1125
0 0.75390625 0.7958333333333333 0.09843750000000001 0.11458333333333333
0 0.41718750000000004 0.6645833333333333 0.08281250000000001 0.11458333333333333
0 0.32656250000000003 0.7395833333333334 0.1046875 0.125
0 0.512109375 0.8088541666666667 0.08515625 0.11979166666666667
0 0.6433593750000001 0.7213541666666666 0.08515625 0.096875
0 0.562890625 0.7713541666666667 0.07109375 0.109375
0 0.198046875 0.6463541666666667 0.10703125000000001 0.128125
0 0.13593750000000002 0.8552083333333333 0.0734375 0.11041666666666666
0 0.050390625 0.8557291666666667 0.08359375000000001 0.13020833333333334
0 0.40156250000000004 0.3453125 0.040625 0.05520833333333333
0 0.08828125 0.4484375 0.078125 0.090625
