0 0.17695312500000002 0.22135416666666666 0.10390625 0.17604166666666665
0 0.597265625 0.09635416666666667 0.08046875 0.121875
0 0.641796875 0.13489583333333333 0.07890625000000001 0.11562499999999999
0 0.784375 0.09583333333333333 0.0859375 0.1125
0 0.853515625 0.07447916666666667 0.07734375 0.109375
0 0.966015625 0.21041666666666667 0.06796875000000001 0.10625
0 0.9453125 0.2895833333333333 0.0703125 0.09583333333333333
0 0.579296875 0.6833333333333333 0.08515625 0.10625
0 0.6957031250000001 0.7072916666666667 0.10390625 0.125
0 0.5867187500000001 0.9666666666666667 0.078125 0.06666666666666667
0 0.6640625 0.9671875 0.060937500000000006 0.065625
0 0.88203125 0.9625 0.026562500000000003 0.035416666666666666
0 0.184375 0.71875 0.0625 0.08333333333333333
