0 0.458984375 0.06666666666666667 0.12265625000000001 0.13125
0 0.57421875 0.05 0.1203125 0.09791666666666667
0 0.45625000000000004 0.6203125 0.096875 0.146875
0 0.5265625 0.6192708333333333 0.0671875 0.12395833333333334
0 0.323046875 0.59375 0.11328125 0.15416666666666667
0 0.40625 0.5354166666666667 0.07500000000000001 0.12291666666666666
0 0.24453125 0.40520833333333334 0.11875000000000001 0.15
0 0.119140625 0.24791666666666667 0.039843750000000004 0.03958333333333333
0 0.221484375 0.5885416666666666 0.09453125000000001 0.13541666666666666
0 0.044921875 0.7171875 0.06953125 0.08229166666666667
0 0.323828125 0.8317708333333333 0.10078125 0.13229166666666667
0 0.043359375000000006 0.6213541666666667 0.07578125000000001 0.084375
0 0.38671875 0.9473958333333333 0.096875 0.08645833333333333
0 0.490234375 0.95 0.08984375 0.1
0 0.295703125 0.9494791666666667 0.07265625 0.078125
0 0.673828125 0.22708333333333333 0.03828125 0.06041666666666667
0 0.046484375 0.20572916666666666 0.02890625 0.034375
