0 0.209375 0.25677083333333334 0.10312500000000001 0.13645833333333332
0 0.11210937500000001 0.28020833333333334 0.08203125 0.13541666666666666
0 0.18203125 0.3458333333333333 0.0734375 0.07708333333333334
0 0.226953125 0.40729166666666666 0.08828125 0.11041666666666666
0 0.1921875 0.5151041666666667 0.0921875 0.12395833333333334
0 0.35664062500000004 0.5135416666666667 0.09140625000000001 0.125
0 0.46328125000000003 0.60625 0.035937500000000004 0.0625
0 0.51171875 0.43645833333333334 0.053125000000000006 0.07083333333333333
0 0.6609375000000001 0.16614583333333333 0.05 0.06354166666666666
0 0.794921875 0.028125 0.08359375000000001 0.052083333333333336
0 0.853125 0.471875 0.078125 0.09375
0 0.912109375 0.5604166666666667 0.07421875 0.11041666666666666
0 0.7109375 0.6130208333333333 0.08750000000000001 0.11562499999999999
0 0.7546875000000001 0.7755208333333333 0.0890625 0.11770833333333333
0 0.8324218750000001 0.7864583333333334 0.08203125 0.11041666666666666
0 0.8914062500000001 0.9276041666666667 0.08281250000000001 0.11145833333333333
0 0.8 0.8619791666666666 0.0734375 0.10104166666666667
0 0.603515625 0.8390624999999999 0.07734375 0.10104166666666667
0 0.5906250000000001 0.6979166666666666 0.07968750000000001 0.09583333333333333
0 0.54140625 0.7291666666666666 0.0703125 0.10208333333333333
0 0.06796875000000001 0.39010416666666664 0.06875 0.10520833333333333
0 0.019921875000000002 0.4302083333333333 0.03828125 0.08958333333333333
0 0.0859375 0.109375 0.0765625 0.13125
0 0.43359375 0.024479166666666666 0.084375 0.046875
0 0.626953125 0.15572916666666667 0.02734375 0.04479166666666667
0 0.7820312500000001 0.45677083333333335 0.040625 0.04895833333333333
