0 0.2734375 0.03802083333333333 0.1078125 0.07395833333333333
0 0.37109375 0.030729166666666665 0.109375 0.059375
0 0.548828125 0.2677083333333333 0.049218750000000006 0.05416666666666667
0 0.278515625 0.44114583333333335 0.09453125000000001 0.11145833333333333
0 0.043750000000000004 0.4739583333333333 0.08281250000000001 0.12083333333333333
0 0.070703125 0.640625 0.07109375 0.09375
0 0.5140625 0.596875 0.07968750000000001 0.11041666666666666
0 0.64453125 0.628125 0.09375 0.12916666666666665
0 0.938671875 0.546875 0.09296875 0.14583333333333334
0 0.9328125 0.3572916666666667 0.096875 0.12916666666666665
0 0.7328125000000001 0.253125 0.05 0.052083333333333336
0 0.43671875000000004 0.7208333333333333 0.07500000000000001 0.11458333333333333
0 0.35546875 0.7276041666666666 0.09062500000000001 0.109375
0 0.5750000000000001 0.7166666666666667 0.0890625 0.13541666666666666
0 0.505078125 0.7182291666666667 0.08515625 0.09895833333333333
0 0.2265625 0.7286458333333333 0.0765625 0.103125
0 0.16640625 0.7703125 0.0890625 0.096875
0 0.34765625 0.16770833333333332 0.037500000000000006 0.04791666666666666
0 0.18476562500000002 0.17708333333333334 0.047656250000000004 0.04375
0 0.501171875 0.8197916666666667 0.05390625 0.05416666666666667
