0 0.45859375 0.5348958333333333 0.09375 0.11979166666666667
0 0.5417968750000001 0.4848958333333333 0.08984375 0.121875
0 0.54140625 0.5713541666666666 0.0484375 0.06145833333333333
0 0.6253906250000001 0.61875 0.07734375 0.1
0 0.6824218750000001 0.3984375 0.07734375 0.09895833333333333
0 0.915625 0.24739583333333334 0.1015625 0.128125
0 0.7800781250000001 0.34010416666666665 0.07578125000000001 0.09270833333333334
0 0.827734375 0.06666666666666667 0.09140625000000001 0.11875
0 0.7796875000000001 0.06927083333333334 0.07187500000000001 0.109375
0 0.3296875 0.030208333333333334 0.040625 0.04375
0 0.310546875 0.40260416666666665 0.041406250000000006 0.059375
0 0.291015625 0.5770833333333333 0.07578125000000001 0.09166666666666666
0 0.194140625 0.5963541666666666 0.07265625 0.09479166666666666
0 0.268359375 0.6989583333333333 0.07734375 0.09583333333333333
0 0.308203125 0.7479166666666667 0.06640625 0.09791666666666667
0 0.23164062500000002 0.7395833333333334 0.07734375 0.09375
0 0.6589843750000001 0.778125 0.04609375 0.0625
0 0.37812500000000004 0.9567708333333333 0.096875 0.08645833333333333
0 0.408203125 0.9229166666666666 0.07890625000000001 0.1
0 0.30312500000000003 0.9130208333333333 0.0765625 0.10520833333333333
0 0.9285156250000001 0.4786458333333333 0.09296875 0.12395833333333334
0 0.724609375 0.6541666666666667 0.07890625000000001 0.09583333333333333
0 0.623046875 0.23333333333333334 0.022656250000000003 0.03125
0 0.72265625 0.0703125 0.0203125 0.028125
0 0.6796875 0.015625 0.021875000000000002 0.027083333333333334
0 0.6140625000000001 0.09635416666666667 0.0234375 0.030208333333333334
0 0.1875 0.19166666666666665 0.045312500000000006 0.05625
0 0.30000000000000004 0.06666666666666667 0.026562500000000003 0.04375
