0 0.205078125 0.34010416666666665 0.11953125 0.16354166666666667
0 0.176171875 0.4557291666666667 0.07578125000000001 0.10520833333333333
0 0.0859375 0.5807291666666666 0.096875 0.13229166666666667
0 0.086328125 0.7114583333333333 0.10703125000000001 0.12291666666666666
0 0.06953125 0.9604166666666667 0.1171875 0.075
0 0.345703125 0.7614583333333333 0.10703125000000001 0.13333333333333333
0 0.467578125 0.7609375 0.12265625000000001 0.15729166666666666
0 0.405859375 0.6807291666666666 0.055468750000000004 0.13645833333333332
0 0.7582031250000001 0.7791666666666667 0.09296875 0.16041666666666665
0 0.8390625 0.8119791666666667 0.084375 0.134375
0 0.7328125000000001 0.9072916666666666 0.051562500000000004 0.0625
0 0.630078125 0.9703125 0.055468750000000004 0.057291666666666664
0 0.5574218750000001 0.965625 0.03671875 0.04583333333333333
0 0.896484375 0.09479166666666666 0.08046875 0.12083333333333333
0 0.9671875000000001 0.14166666666666666 0.065625 0.175
0 0.69453125 0.07552083333333333 0.10312500000000001 0.12604166666666666
0 0.775 0.06510416666666667 0.07968750000000001 0.128125
0 0.7046875 0.1625 0.0390625 0.052083333333333336
0 0.527734375 0.26875 0.057031250000000006 0.06875
0 0.49726562500000004 0.3020833333333333 0.06171875 0.058333333333333334
0 0.32578125 0.36041666666666666 0.1203125 0.18958333333333333
0 0.321875 0.05260416666666667 0.10312500000000001 0.103125
0 0.019921875000000002 0.24322916666666666 0.03359375 0.059375
0 0.019921875000000002 0.3489583333333333 0.03828125 0.06458333333333333
0 0.034375 0.090625 0.0390625 0.04375
0 0.014843750000000001 0.16927083333333334 0.028125 0.05520833333333333
0 0.045703125000000004 0.24375 0.02890625 0.04375
