0 0.160546875 0.4140625 0.07265625 0.10520833333333333
0 0.094140625 0.46041666666666664 0.041406250000000006 0.06458333333333333
0 0.421875 0.26510416666666664 0.1015625 0.13020833333333334
0 0.32343750000000004 0.05520833333333333 0.0421875 0.058333333333333334
0 0.64453125 0.06822916666666666 0.0390625 0.05520833333333333
0 0.7859375000000001 0.19583333333333333 0.034375 0.05
0 0.6839843750000001 0.6630208333333333 0.08359375000000001 0.11145833333333333
0 0.7078125000000001 0.8885416666666667 0.0703125 0.07916666666666666
0 0.32656250000000003 0.6005208333333333 0.078125 0.109375
0 0.431640625 0.5453125 0.05859375 0.078125
