0 0.456640625 0.06666666666666667 0.13046875 0.13125
0 0.58125 0.0453125 0.1203125 0.08854166666666667
0 0.6742187500000001 0.22239583333333332 0.0390625 0.051041666666666666
0 0.11992187500000001 0.25 0.03671875 0.0375
0 0.04296875 0.6208333333333333 0.07187500000000001 0.10208333333333333
0 0.043359375000000006 0.7192708333333333 0.07265625 0.096875
0 0.224609375 0.590625 0.09609375 0.17083333333333334
0 0.16328125000000002 0.55 0.037500000000000006 0.05625
0 0.24140625000000002 0.39947916666666666 0.10625000000000001 0.12604166666666666
0 0.323046875 0.5921875 0.11015625000000001 0.16354166666666667
0 0.40742187500000004 0.5322916666666666 0.06953125 0.11041666666666666
0 0.458984375 0.6213541666666667 0.10703125000000001 0.146875
0 0.526953125 0.6182291666666666 0.05859375 0.11145833333333333
0 0.33046875000000003 0.8385416666666666 0.109375 0.13541666666666666
0 0.39492187500000003 0.9458333333333333 0.08828125 0.09791666666666667
0 0.48867187500000003 0.9447916666666667 0.09921875000000001 0.09375
0 0.31289062500000003 0.9562499999999999 0.07890625000000001 0.07083333333333333
0 0.39882812500000003 0.26875 0.039843750000000004 0.06875
