0 0.0203125 0.39947916666666666 0.0390625 0.08645833333333333
0 0.30234375 0.15104166666666666 0.08125 0.11041666666666666
0 0.24570312500000002 0.17604166666666665 0.05234375 0.09375
0 0.229296875 0.07447916666666667 0.06953125 0.096875
0 0.221484375 0.353125 0.07109375 0.08333333333333333
0 0.337890625 0.34791666666666665 0.08046875 0.10833333333333334
0 0.398046875 0.2875 0.08984375 0.12291666666666666
0 0.566015625 0.096875 0.03828125 0.05416666666666667
0 0.56640625 0.0375 0.037500000000000006 0.052083333333333336
0 0.595703125 0.029166666666666667 0.041406250000000006 0.04791666666666666
0 0.632421875 0.47552083333333334 0.08671875000000001 0.11562499999999999
0 0.697265625 0.55 0.08359375000000001 0.10833333333333334
0 0.7722656250000001 0.5088541666666666 0.07109375 0.096875
0 0.844921875 0.5197916666666667 0.07109375 0.09583333333333333
0 0.517578125 0.6489583333333333 0.06484375 0.07916666666666666
0 0.5375 0.5145833333333333 0.07500000000000001 0.0875
0 0.50234375 0.5760416666666667 0.0734375 0.0875
0 0.43671875000000004 0.5005208333333333 0.084375 0.11145833333333333
0 0.417578125 0.6541666666666667 0.06640625 0.08333333333333333
0 0.259375 0.7760416666666666 0.0671875 0.08333333333333333
0 0.091796875 0.6901041666666666 0.057031250000000006 0.078125
0 0.0328125 0.8869791666666667 0.06406250000000001 0.08229166666666667
0 0.765625 0.9692708333333333 0.0703125 0.059375
0 0.9593750000000001 0.9473958333333333 0.059375000000000004 0.08645833333333333
0 0.505078125 0.7536458333333333 0.02890625 0.042708333333333334
