0 0.306640625 0.059375 0.11953125 0.1125
0 0.429296875 0.0515625 0.13203125000000002 0.10104166666666667
0 0.59921875 0.035416666666666666 0.08125 0.06875
0 0.07890625000000001 0.24583333333333332 0.035937500000000004 0.052083333333333336
0 0.02734375 0.240625 0.034375 0.041666666666666664
0 0.12421875 0.3854166666666667 0.0921875 0.125
0 0.11015625000000001 0.5817708333333333 0.0921875 0.15104166666666666
0 0.203515625 0.5833333333333334 0.10859375 0.14583333333333334
0 0.28203125 0.5317708333333333 0.07187500000000001 0.12395833333333334
0 0.325 0.6145833333333334 0.096875 0.1375
0 0.39687500000000003 0.6177083333333333 0.05625 0.11875
0 0.20664062500000002 0.8125 0.10390625 0.12083333333333333
0 0.28828125 0.9380208333333333 0.1 0.090625
0 0.386328125 0.9307291666666666 0.09453125000000001 0.10729166666666666
0 0.205078125 0.9442708333333333 0.06328125 0.078125
