0 0.207421875 0.33958333333333335 0.12421875 0.18333333333333332
0 0.32148437500000004 0.35260416666666666 0.11328125 0.19479166666666667
0 0.319140625 0.05572916666666666 0.09921875000000001 0.109375
0 0.019140625 0.2453125 0.03515625 0.059375
0 0.049609375000000004 0.24479166666666666 0.02734375 0.04791666666666666
0 0.02109375 0.34739583333333335 0.035937500000000004 0.059375
0 0.034765625 0.0921875 0.03359375 0.04479166666666667
0 0.012109375 0.165625 0.022656250000000003 0.05
0 0.0890625 0.5828125 0.09843750000000001 0.13854166666666667
0 0.08828125 0.7161458333333334 0.09062500000000001 0.128125
0 0.064453125 0.9578125 0.11953125 0.078125
0 0.34453125 0.7578125 0.1078125 0.13854166666666667
0 0.46718750000000003 0.7640625 0.11875000000000001 0.165625
0 0.759765625 0.7708333333333334 0.09921875000000001 0.15625
0 0.839453125 0.8078124999999999 0.08828125 0.13854166666666667
0 0.735546875 0.90625 0.05390625 0.06875
0 0.6277343750000001 0.9671875 0.05078125 0.051041666666666666
0 0.5593750000000001 0.9708333333333333 0.035937500000000004 0.05
0 0.896484375 0.09479166666666666 0.08671875000000001 0.11875
0 0.964453125 0.14166666666666666 0.07109375 0.14583333333333334
0 0.6941406250000001 0.07395833333333333 0.10078125 0.125
0 0.774609375 0.058854166666666666 0.08359375000000001 0.11562499999999999
0 0.530859375 0.26666666666666666 0.05234375 0.07291666666666667
0 0.49726562500000004 0.309375 0.049218750000000006 0.06666666666666667
0 0.475390625 0.38645833333333335 0.025781250000000002 0.035416666666666666
0 0.41015625 0.6838541666666667 0.06406250000000001 0.12604166666666666
