0 0.06875 0.12343749999999999 0.1 0.12604166666666666
0 0.2109375 0.044270833333333336 0.1046875 0.08645833333333333
0 0.31953125000000004 0.026041666666666668 0.1125 0.05
0 0.48554687500000004 0.06041666666666667 0.10703125000000001 0.11875
0 0.583984375 0.065625 0.10703125000000001 0.12916666666666665
0 0.658203125 0.046875 0.10703125000000001 0.09166666666666666
0 0.837109375 0.30885416666666665 0.04453125 0.065625
0 0.63984375 0.20520833333333333 0.046875 0.06041666666666667
0 0.587890625 0.21302083333333333 0.039843750000000004 0.059375
0 0.475390625 0.26875 0.041406250000000006 0.05625
0 0.146484375 0.259375 0.08984375 0.11458333333333333
0 0.022265625 0.3364583333333333 0.04296875 0.11041666666666666
0 0.13203125000000002 0.509375 0.0734375 0.12708333333333333
0 0.33828125000000003 0.721875 0.096875 0.125
0 0.6421875 0.5427083333333333 0.08125 0.11666666666666667
0 0.943359375 0.696875 0.08046875 0.11875
0 0.8855468750000001 0.6625 0.06328125 0.09166666666666666
0 0.6984375 0.7864583333333334 0.08125 0.10833333333333334
0 0.58125 0.7989583333333333 0.08281250000000001 0.11041666666666666
0 0.5328125 0.7630208333333334 0.09531250000000001 0.121875
0 0.47773437500000004 0.765625 0.06796875000000001 0.12291666666666666
0 0.019921875000000002 0.7125 0.03828125 0.1
