0 0.042578125 0.6578125 0.08046875 0.121875
0 0.261328125 0.5828125 0.09453125000000001 0.11145833333333333
0 0.5144531250000001 0.42083333333333334 0.11796875000000001 0.12291666666666666
0 0.573828125 0.34739583333333335 0.07578125000000001 0.11562499999999999
0 0.49648437500000003 0.14895833333333333 0.11171875 0.13958333333333334
0 0.32734375000000004 0.2046875 0.11093750000000001 0.128125
0 0.37539062500000003 0.05 0.11484375000000001 0.09791666666666667
0 0.18203125 0.030729166666666665 0.046875 0.040625
0 0.769140625 0.5661458333333333 0.10390625 0.153125
0 0.7019531250000001 0.6989583333333333 0.08359375000000001 0.11875
0 0.78671875 0.6708333333333333 0.09843750000000001 0.11875
0 0.759765625 0.7828125 0.10234375000000001 0.128125
0 0.700390625 0.8770833333333333 0.09609375 0.12708333333333333
0 0.57265625 0.9072916666666666 0.0859375 0.10625
0 0.49765625 0.9364583333333333 0.09531250000000001 0.11041666666666666
0 0.13984375000000002 0.6932291666666667 0.0859375 0.09479166666666666
