0 0.237109375 0.5828125 0.08828125 0.11354166666666667
0 0.394140625 0.3807291666666667 0.08203125 0.103125
0 0.42226562500000003 0.103125 0.09296875 0.12708333333333333
0 0.5027343750000001 0.08229166666666667 0.09765625 0.12708333333333333
0 0.49140625000000004 0.16822916666666665 0.08281250000000001 0.103125
0 0.595703125 0.078125 0.08359375000000001 0.12291666666666666
0 0.6882812500000001 0.09010416666666667 0.08750000000000001 0.109375
0 0.749609375 0.0515625 0.09609375 0.10104166666666667
0 0.79609375 0.15416666666666667 0.1015625 0.13125
0 0.794921875 0.26666666666666666 0.057031250000000006 0.0875
0 0.91328125 0.23906249999999998 0.035937500000000004 0.053125
0 0.9496093750000001 0.2552083333333333 0.04296875 0.06666666666666667
0 0.901953125 0.28854166666666664 0.03671875 0.05416666666666667
0 0.50625 0.6708333333333333 0.07500000000000001 0.11458333333333333
0 0.4375 0.5859375 0.08750000000000001 0.11979166666666667
0 0.525390625 0.8125 0.04609375 0.058333333333333334
0 0.47421875 0.859375 0.046875 0.0625
0 0.697265625 0.8098958333333334 0.057031250000000006 0.06979166666666667
0 0.908203125 0.6052083333333333 0.03515625 0.04791666666666666
