0 0.23789062500000002 0.20781249999999998 0.09140625000000001 0.12604166666666666
0 0.17265625 0.20104166666666667 0.06406250000000001 0.125
0 0.018750000000000003 0.036458333333333336 0.034375 0.06875
0 0.34140625 0.0890625 0.0890625 0.13020833333333334
0 0.6761718750000001 0.0359375 0.08828125 0.06979166666666667
0 0.478515625 0.2526041666666667 0.039843750000000004 0.065625
0 0.512890625 0.22864583333333333 0.04296875 0.053125
0 0.54296875 0.375 0.046875 0.06458333333333333
0 0.693359375 0.2546875 0.04296875 0.05520833333333333
0 0.873046875 0.384375 0.01953125 0.03125
0 0.7718750000000001 0.709375 0.0734375 0.09791666666666667
0 0.7058593750000001 0.7567708333333333 0.07734375 0.11562499999999999
0 0.37539062500000003 0.6953125 0.08828125 0.11562499999999999
0 0.31562500000000004 0.6885416666666666 0.065625 0.1125
0 0.16640625 0.7046875 0.1 0.11145833333333333
0 0.07773437500000001 0.79375 0.08046875 0.1
0 0.030859375 0.7197916666666666 0.05859375 0.08541666666666667
0 0.34609375000000003 0.8677083333333333 0.08125 0.09583333333333333
0 0.3828125 0.7932291666666667 0.08125 0.084375
0 0.45078125 0.7645833333333333 0.0765625 0.09583333333333333
0 0.50703125 0.9239583333333333 0.078125 0.09375
0 0.5546875 0.9718749999999999 0.0703125 0.05625
0 0.42304687500000004 0.5010416666666666 0.041406250000000006 0.05625
