0 0.03359375 0.49635416666666665 0.065625 0.13020833333333334
0 0.10820312500000001 0.5046875 0.08203125 0.121875
0 0.11875000000000001 0.3671875 0.08281250000000001 0.103125
0 0.1875 0.4244791666666667 0.09531250000000001 0.121875
0 0.37265625 0.4510416666666667 0.07968750000000001 0.11875
0 0.500390625 0.6057291666666667 0.06171875 0.09479166666666666
0 0.6488281250000001 0.46979166666666666 0.07734375 0.10416666666666667
0 0.9554687500000001 0.5463541666666667 0.0625 0.103125
0 0.9167968750000001 0.19322916666666667 0.04609375 0.05520833333333333
0 0.869140625 0.20208333333333334 0.04453125 0.075
0 0.31093750000000003 0.14895833333333333 0.043750000000000004 0.05
0 0.6234375000000001 0.5677083333333334 0.0703125 0.10625
0 0.559765625 0.5322916666666666 0.06640625 0.10833333333333334
0 0.926953125 0.8598958333333333 0.07578125000000001 0.08854166666666667
0 0.07734375 0.2661458333333333 0.0484375 0.053125
0 0.27734375 0.08020833333333333 0.0484375 0.052083333333333336
