0 0.17539062500000002 0.21875 0.12578125 0.15833333333333333
0 0.5964843750000001 0.09322916666666667 0.09765625 0.12395833333333334
0 0.6589843750000001 0.10677083333333333 0.06015625 0.065625
0 0.786328125 0.08333333333333333 0.05078125 0.07291666666666667
0 0.853125 0.08020833333333333 0.08125 0.12083333333333333
0 0.973828125 0.19114583333333332 0.05234375 0.08229166666666667
0 0.916015625 0.3208333333333333 0.05390625 0.06458333333333333
0 0.9441406250000001 0.28072916666666664 0.06328125 0.078125
0 0.18515625000000002 0.71875 0.07968750000000001 0.07916666666666666
0 0.576171875 0.6859375 0.07734375 0.10520833333333333
0 0.693359375 0.7026041666666667 0.09453125000000001 0.128125
0 0.58203125 0.9635416666666666 0.096875 0.06666666666666667
0 0.6664062500000001 0.9677083333333333 0.0671875 0.06458333333333333
