0 0.065625 0.5854166666666667 0.1046875 0.13333333333333333
0 0.18085937500000002 0.3385416666666667 0.12109375 0.16458333333333333
0 0.30234375 0.3619791666666667 0.125 0.178125
0 0.52109375 0.26875 0.060937500000000006 0.06666666666666667
0 0.48750000000000004 0.3072916666666667 0.060937500000000006 0.052083333333333336
0 0.295703125 0.0609375 0.09609375 0.11979166666666667
0 0.6734375 0.07916666666666666 0.09843750000000001 0.12916666666666665
0 0.755859375 0.058333333333333334 0.07421875 0.11458333333333333
0 0.878125 0.09114583333333333 0.084375 0.121875
0 0.9519531250000001 0.13645833333333332 0.08671875000000001 0.15208333333333332
0 0.7332031250000001 0.778125 0.09921875000000001 0.15
0 0.821875 0.8171875 0.0859375 0.146875
0 0.444140625 0.7619791666666667 0.12265625000000001 0.15104166666666666
0 0.318359375 0.7609375 0.10703125000000001 0.140625
0 0.385546875 0.6807291666666666 0.06328125 0.10520833333333333
0 0.066796875 0.7151041666666667 0.09609375 0.121875
0 0.15976562500000002 0.4708333333333333 0.09296875 0.11041666666666666
0 0.038671875 0.24583333333333332 0.032031250000000004 0.052083333333333336
0 0.028125 0.0953125 0.037500000000000006 0.04895833333333333
0 0.6160156250000001 0.9661458333333334 0.04609375 0.046875
0 0.467578125 0.3885416666666667 0.022656250000000003 0.03333333333333333
0 0.29765625 0.2453125 0.037500000000000006 0.046875
