0 0.45859375 0.06458333333333333 0.1265625 0.12708333333333333
0 0.5765625 0.05 0.125 0.09791666666666667
0 0.7296875 0.03697916666666667 0.09062500000000001 0.071875
0 0.675390625 0.22447916666666667 0.03671875 0.053125
0 0.1171875 0.24635416666666665 0.0421875 0.034375
0 0.3203125 0.590625 0.1171875 0.15
0 0.458984375 0.6255208333333333 0.11015625000000001 0.146875
0 0.523046875 0.6208333333333333 0.049218750000000006 0.10625
0 0.323828125 0.8364583333333333 0.10390625 0.14375
0 0.490234375 0.9484374999999999 0.09296875 0.103125
0 0.389453125 0.9401041666666666 0.09765625 0.10104166666666667
0 0.053125000000000006 0.7260416666666667 0.07968750000000001 0.09583333333333333
0 0.040625 0.6192708333333333 0.0734375 0.084375
0 0.07890625000000001 0.30885416666666665 0.045312500000000006 0.051041666666666666
0 0.041796875000000004 0.2046875 0.03515625 0.040625
0 0.39101562500000003 0.2635416666666667 0.04296875 0.05
0 0.244921875 0.39947916666666666 0.09453125000000001 0.12604166666666666
0 0.221484375 0.5963541666666666 0.10390625 0.153125
