0 0.198046875 0.10364583333333333 0.09296875 0.134375
0 0.37109375 0.019270833333333334 0.0890625 0.036458333333333336
0 0.5730468750000001 0.028125 0.09140625000000001 0.05416666666666667
0 0.33515625000000004 0.2635416666666667 0.1015625 0.15208333333333332
0 0.23750000000000002 0.2869791666666667 0.1015625 0.14479166666666665
0 0.079296875 0.20625 0.04609375 0.04375
0 0.05859375 0.07447916666666667 0.046875 0.04479166666666667
0 0.021484375 0.11614583333333334 0.03671875 0.05520833333333333
0 0.063671875 0.6463541666666667 0.07109375 0.09270833333333334
0 0.30234375 0.5203125 0.09375 0.11979166666666667
0 0.33632812500000003 0.4145833333333333 0.09609375 0.11041666666666666
0 0.17500000000000002 0.3921875 0.0859375 0.11770833333333333
0 0.091796875 0.4432291666666667 0.07890625000000001 0.11354166666666667
0 0.5222656250000001 0.615625 0.03828125 0.058333333333333334
0 0.710546875 0.7114583333333333 0.08203125 0.11041666666666666
0 0.659375 0.7322916666666667 0.06875 0.10416666666666667
0 0.833203125 0.6166666666666667 0.08671875000000001 0.11458333333333333
0 0.8675781250000001 0.778125 0.08515625 0.12083333333333333
0 0.946875 0.7875 0.08125 0.1125
0 0.909375 0.8624999999999999 0.08281250000000001 0.07916666666666666
0 0.7152343750000001 0.8380208333333333 0.08046875 0.08645833333333333
0 0.9792968750000001 0.9255208333333333 0.041406250000000006 0.10729166666666666
0 0.95859375 0.4791666666666667 0.0671875 0.12083333333333333
0 0.703125 0.17291666666666666 0.045312500000000006 0.058333333333333334
0 0.916015625 0.0421875 0.08984375 0.078125
0 0.574609375 0.4453125 0.04609375 0.05520833333333333
0 0.48554687500000004 0.609375 0.02890625 0.05
0 0.47890625000000003 0.509375 0.0921875 0.10833333333333334
0 0.46601562500000004 0.24947916666666667 0.02109375 0.028125
0 0.50625 0.22708333333333333 0.0203125 0.025
