0 0.362109375 0.4432291666666667 0.10234375000000001 0.11979166666666667
0 0.33437500000000003 0.5885416666666666 0.09843750000000001 0.13333333333333333
0 0.155078125 0.5697916666666667 0.08515625 0.10833333333333334
0 0.099609375 0.7380208333333333 0.08984375 0.11562499999999999
0 0.620703125 0.32916666666666666 0.08828125 0.125
0 0.5421875 0.32760416666666664 0.078125 0.14479166666666665
0 0.7683593750000001 0.6770833333333334 0.09765625 0.14583333333333334
0 0.5867187500000001 0.5578125 0.0546875 0.06979166666666667
0 0.812109375 0.046875 0.11171875 0.09166666666666666
0 0.28359375000000003 0.2578125 0.025 0.026041666666666668
