0 0.27968750000000003 0.5802083333333333 0.09062500000000001 0.10416666666666667
0 0.226953125 0.7463541666666667 0.09609375 0.11145833333333333
0 0.0890625 0.7354166666666666 0.09062500000000001 0.11458333333333333
0 0.4703125 0.596875 0.1 0.13333333333333333
0 0.4921875 0.4484375 0.09843750000000001 0.12395833333333334
0 0.7453125 0.33489583333333334 0.0859375 0.11770833333333333
0 0.6707031250000001 0.33177083333333335 0.08515625 0.13229166666666667
0 0.9398437500000001 0.057812499999999996 0.1015625 0.11354166666666667
0 0.3140625 0.3 0.046875 0.06875
0 0.10546875 0.21458333333333332 0.0484375 0.0625
0 0.903515625 0.6770833333333334 0.08984375 0.13541666666666666
