0 0.519921875 0.18854166666666666 0.07890625000000001 0.09791666666666667
0 0.3609375 0.0359375 0.078125 0.06979166666666667
0 0.28515625 0.033854166666666664 0.07500000000000001 0.065625
0 0.88984375 0.06979166666666667 0.0765625 0.10833333333333334
0 0.9421875000000001 0.10781249999999999 0.06406250000000001 0.09895833333333333
0 0.9183593750000001 0.409375 0.07109375 0.1
0 0.66796875 0.5479166666666666 0.07500000000000001 0.12291666666666666
0 0.611328125 0.5020833333333333 0.06796875000000001 0.1
0 0.50625 0.5380208333333333 0.084375 0.10729166666666666
0 0.31757812500000004 0.5104166666666666 0.08359375000000001 0.10208333333333333
0 0.30117187500000003 0.6802083333333333 0.07578125000000001 0.09791666666666667
0 0.34296875000000004 0.653125 0.065625 0.09583333333333333
0 0.118359375 0.6796875 0.06953125 0.09479166666666666
0 0.103515625 0.8067708333333333 0.07109375 0.08020833333333333
0 0.065234375 0.8828125 0.07265625 0.07604166666666666
0 0.136328125 0.88125 0.06171875 0.09791666666666667
0 0.50625 0.659375 0.08125 0.11666666666666667
0 0.6890625 0.7244791666666667 0.08125 0.109375
0 0.7609375 0.6973958333333333 0.07968750000000001 0.103125
0 0.919921875 0.9223958333333333 0.07578125000000001 0.10104166666666667
0 0.6125 0.7380208333333333 0.07187500000000001 0.11979166666666667
0 0.512890625 0.7494791666666667 0.06953125 0.078125
