0 0.28203125 0.23541666666666666 0.046875 0.06666666666666667
0 0.22265625 0.19375 0.040625 0.052083333333333336
0 0.346484375 0.03958333333333333 0.08359375000000001 0.075
0 0.4703125 0.04479166666666667 0.109375 0.08541666666666667
0 0.872265625 0.2755208333333333 0.09921875000000001 0.14895833333333333
0 0.9574218750000001 0.090625 0.08515625 0.1125
0 0.570703125 0.32447916666666665 0.05234375 0.06145833333333333
0 0.358203125 0.20208333333333334 0.04453125 0.05416666666666667
0 0.042578125 0.0671875 0.07890625000000001 0.13020833333333334
0 0.109765625 0.7125 0.08671875000000001 0.12083333333333333
0 0.24296875 0.7052083333333333 0.0921875 0.11666666666666667
0 0.3484375 0.7614583333333333 0.08750000000000001 0.10625
0 0.748046875 0.6692708333333334 0.09609375 0.12395833333333334
0 0.8140625 0.5723958333333333 0.1015625 0.11562499999999999
0 0.6703125000000001 0.5619791666666667 0.08750000000000001 0.121875
0 0.43984375000000003 0.8703124999999999 0.08281250000000001 0.11354166666666667
0 0.455078125 0.7473958333333334 0.08515625 0.10520833333333333
0 0.6761718750000001 0.7145833333333333 0.08671875000000001 0.11041666666666666
0 0.36328125 0.9260416666666667 0.08281250000000001 0.10833333333333334
0 0.18281250000000002 0.8942708333333333 0.045312500000000006 0.05520833333333333
0 0.032421875 0.7364583333333333 0.06328125 0.10625
0 0.215625 0.15260416666666665 0.035937500000000004 0.03854166666666667
0 0.056640625 0.27760416666666665 0.04453125 0.05520833333333333
0 0.43671875000000004 0.9609375 0.065625 0.06979166666666667
