0 0.35703125 0.4473958333333333 0.08281250000000001 0.103125
0 0.37812500000000004 0.3328125 0.08750000000000001 0.08229166666666667
0 0.39960937500000004 0.049479166666666664 0.09921875000000001 0.096875
0 0.4734375 0.046875 0.0765625 0.09166666666666666
0 0.810546875 0.1703125 0.08046875 0.11562499999999999
0 0.88828125 0.18385416666666665 0.0890625 0.13020833333333334
0 0.95859375 0.08489583333333334 0.08281250000000001 0.11979166666666667
0 0.8171875000000001 0.36354166666666665 0.0390625 0.0625
0 0.87421875 0.6598958333333333 0.06406250000000001 0.10729166666666666
0 0.94296875 0.6588541666666666 0.08281250000000001 0.11562499999999999
0 0.9234375 0.7536458333333333 0.065625 0.090625
0 0.880078125 0.8307291666666666 0.07890625000000001 0.09270833333333334
0 0.7640625000000001 0.865625 0.0625 0.0875
0 0.7453125 0.675 0.08125 0.11458333333333333
0 0.659765625 0.7760416666666666 0.08359375000000001 0.10208333333333333
0 0.5964843750000001 0.6984375 0.07890625000000001 0.08854166666666667
0 0.542578125 0.7208333333333333 0.08046875 0.08541666666666667
0 0.436328125 0.71875 0.09140625000000001 0.11458333333333333
0 0.3453125 0.7473958333333334 0.05 0.08645833333333333
0 0.189453125 0.9359375 0.07734375 0.10520833333333333
0 0.065625 0.6979166666666666 0.0703125 0.10625
0 0.1375 0.4192708333333333 0.0734375 0.09895833333333333
0 0.21992187500000002 0.353125 0.06796875000000001 0.08958333333333333
0 0.28046875 0.16770833333333332 0.08281250000000001 0.1
0 0.24921875000000002 0.09583333333333333 0.084375 0.11875
0 0.193359375 0.1109375 0.06796875000000001 0.10520833333333333
0 0.11015625000000001 0.09791666666666667 0.07500000000000001 0.08958333333333333
0 0.525390625 0.2791666666666667 0.03828125 0.05416666666666667
0 0.6125 0.2557291666666667 0.0421875 0.059375
0 0.07500000000000001 0.0359375 0.07187500000000001 0.06979166666666667
