0 0.448828125 0.17760416666666667 0.03671875 0.042708333333333334
0 0.603515625 0.2734375 0.04609375 0.057291666666666664
0 0.7699218750000001 0.628125 0.09296875 0.11875
0 0.6371093750000001 0.6026041666666666 0.08046875 0.11145833333333333
0 0.704296875 0.7114583333333333 0.09609375 0.125
0 0.7878906250000001 0.7088541666666667 0.07265625 0.090625
0 0.632421875 0.7166666666666667 0.08359375000000001 0.10416666666666667
0 0.586328125 0.6265625 0.06171875 0.09479166666666666
0 0.559765625 0.728125 0.07578125000000001 0.10416666666666667
0 0.483203125 0.734375 0.08984375 0.10833333333333334
0 0.34101562500000004 0.7380208333333333 0.07734375 0.10104166666666667
0 0.401953125 0.45416666666666666 0.08984375 0.11875
0 0.31328125 0.253125 0.035937500000000004 0.03958333333333333
0 0.42304687500000004 0.04114583333333333 0.09140625000000001 0.08020833333333333
0 0.521875 0.03333333333333333 0.10312500000000001 0.06458333333333333
0 0.10117187500000001 0.06927083333333334 0.08984375 0.121875
0 0.144921875 0.48020833333333335 0.07890625000000001 0.10208333333333333
0 0.034765625 0.5635416666666666 0.06796875000000001 0.11458333333333333
0 0.16757812500000002 0.65625 0.06484375 0.09583333333333333
0 0.267578125 0.7765625 0.07265625 0.10729166666666666
0 0.17500000000000002 0.7942708333333334 0.040625 0.059375
0 0.05078125 0.8390624999999999 0.060937500000000006 0.071875
0 0.0234375 0.6619791666666667 0.045312500000000006 0.09270833333333334
0 0.053515625000000004 0.934375 0.06953125 0.08958333333333333
0 0.121484375 0.6125 0.06328125 0.1
0 0.298046875 0.196875 0.047656250000000004 0.0625
0 0.38046875 0.1109375 0.028125 0.05520833333333333
0 0.22734375 0.18020833333333333 0.046875 0.05416666666666667
0 0.255078125 0.13697916666666665 0.03671875 0.04895833333333333
0 0.3515625 0.036458333333333336 0.043750000000000004 0.04791666666666666
0 0.35546875 0.19947916666666665 0.045312500000000006 0.051041666666666666
0 0.36796875 0.5572916666666666 0.043750000000000004 0.05625
