0 0.262890625 0.07239583333333333 0.11796875000000001 0.13229166666666667
0 0.16875 0.21875 0.028125 0.05
0 0.6578125 0.11875 0.1171875 0.15833333333333333
0 0.728125 0.07708333333333334 0.1015625 0.14166666666666666
0 0.599609375 0.5880208333333333 0.09609375 0.13645833333333332
0 0.521875 0.6796875 0.1 0.13854166666666667
0 0.44843750000000004 0.7796875 0.096875 0.13645833333333332
0 0.767578125 0.7244791666666667 0.10234375000000001 0.134375
0 0.852734375 0.7119791666666666 0.07578125000000001 0.12604166666666666
0 0.9558593750000001 0.5817708333333333 0.07421875 0.12604166666666666
0 0.22968750000000002 0.5734375 0.09062500000000001 0.10520833333333333
0 0.3125 0.5645833333333333 0.07500000000000001 0.12291666666666666
0 0.32734375000000004 0.690625 0.0890625 0.11458333333333333
0 0.1921875 0.7682291666666666 0.0859375 0.11145833333333333
0 0.051562500000000004 0.728125 0.08281250000000001 0.10416666666666667
0 0.315234375 0.2583333333333333 0.04296875 0.058333333333333334
0 0.24570312500000002 0.20625 0.03671875 0.05625
0 0.09726562500000001 0.26510416666666664 0.03828125 0.057291666666666664
0 0.287109375 0.20625 0.041406250000000006 0.05625
0 0.548828125 0.29583333333333334 0.04609375 0.058333333333333334
0 0.6765625000000001 0.2505208333333333 0.035937500000000004 0.046875
0 0.32734375000000004 0.12447916666666667 0.096875 0.15729166666666666
0 0.096875 0.026041666666666668 0.034375 0.041666666666666664
0 0.07695312500000001 0.3755208333333333 0.03515625 0.04895833333333333
