0 0.362109375 0.4453125 0.10703125000000001 0.12604166666666666
0 0.54140625 0.3229166666666667 0.0765625 0.13333333333333333
0 0.616796875 0.3328125 0.08203125 0.128125
0 0.7699218750000001 0.6786458333333333 0.09453125000000001 0.128125
0 0.58828125 0.5557291666666666 0.05 0.059375
0 0.33359375 0.5848958333333333 0.09843750000000001 0.121875
0 0.15703125 0.5734375 0.084375 0.121875
0 0.103515625 0.7317708333333334 0.08828125 0.11145833333333333
0 0.039453125000000006 0.7666666666666666 0.06015625 0.10625
0 0.8109375000000001 0.04635416666666667 0.1078125 0.08854166666666667
0 0.27187500000000003 0.29270833333333335 0.0328125 0.058333333333333334
0 0.404296875 0.7041666666666666 0.022656250000000003 0.027083333333333334
0 0.405859375 0.6729166666666666 0.022656250000000003 0.027083333333333334
