0 0.18828125 0.18385416666666665 0.0484375 0.05520833333333333
0 0.143359375 0.15052083333333333 0.03515625 0.05520833333333333
0 0.34375 0.04479166666666667 0.08125 0.0875
0 0.53515625 0.08802083333333333 0.045312500000000006 0.06145833333333333
0 0.5296875 0.1375 0.0421875 0.04583333333333333
0 0.47695312500000003 0.39791666666666664 0.07109375 0.0625
0 0.448046875 0.4921875 0.08671875000000001 0.10104166666666667
0 0.272265625 0.5265625 0.04453125 0.09270833333333334
0 0.36640625000000004 0.6880208333333333 0.046875 0.053125
0 0.195703125 0.9291666666666667 0.07578125000000001 0.09166666666666666
0 0.5109375 0.884375 0.06406250000000001 0.09375
0 0.7625000000000001 0.5364583333333334 0.078125 0.10208333333333333
0 0.7953125000000001 0.43124999999999997 0.08125 0.11458333333333333
0 0.8796875000000001 0.32708333333333334 0.078125 0.1125
0 0.882421875 0.5177083333333333 0.06953125 0.09375
0 0.859375 0.7072916666666667 0.06875 0.09583333333333333
0 0.817578125 0.840625 0.07109375 0.09583333333333333
0 0.36015625 0.6354166666666666 0.0546875 0.05416666666666667
0 0.47109375000000003 0.153125 0.040625 0.04583333333333333
