0 0.266796875 0.20520833333333333 0.03359375 0.04583333333333333
0 0.37617187500000004 0.14166666666666666 0.04296875 0.0625
0 0.409765625 0.18072916666666666 0.04296875 0.059375
0 0.2671875 0.24166666666666667 0.043750000000000004 0.05625
0 0.341796875 0.07135416666666666 0.03828125 0.053125
0 0.934765625 0.07552083333333333 0.08203125 0.11979166666666667
0 0.8828125 0.08541666666666667 0.065625 0.12083333333333333
0 0.7933593750000001 0.4010416666666667 0.07578125000000001 0.10625
0 0.890234375 0.3651041666666667 0.08359375000000001 0.121875
0 0.8265625000000001 0.6541666666666667 0.07968750000000001 0.1125
0 0.7371093750000001 0.6223958333333334 0.07109375 0.09270833333333334
0 0.6671875 0.4890625 0.0890625 0.11770833333333333
0 0.5875 0.5395833333333333 0.09531250000000001 0.11666666666666667
0 0.491796875 0.603125 0.039843750000000004 0.05625
0 0.38984375000000004 0.5895833333333333 0.0765625 0.09583333333333333
0 0.29765625 0.6067708333333334 0.078125 0.09479166666666666
0 0.215234375 0.5921875 0.08203125 0.12604166666666666
0 0.026953125 0.5947916666666666 0.05234375 0.12708333333333333
0 0.37890625 0.7098958333333333 0.07500000000000001 0.09895833333333333
0 0.4078125 0.7614583333333333 0.0734375 0.10208333333333333
0 0.33125000000000004 0.7484375 0.0765625 0.103125
0 0.39609375 0.921875 0.078125 0.10208333333333333
0 0.48203125 0.9588541666666667 0.08281250000000001 0.08229166666666667
0 0.509765625 0.9307291666666666 0.07109375 0.09479166666666666
0 0.71796875 0.7854166666666667 0.0484375 0.06041666666666667
0 0.64375 0.23645833333333333 0.0203125 0.029166666666666667
0 0.68125 0.21770833333333334 0.021875000000000002 0.027083333333333334
0 0.73046875 0.21354166666666666 0.0171875 0.029166666666666667
0 0.7328125000000001 0.278125 0.025 0.025
0 0.523046875 0.22083333333333333 0.022656250000000003 0.03333333333333333
0 0.741796875 0.07239583333333333 0.01640625 0.026041666666666668
0 0.675 0.12447916666666667 0.0203125 0.028125
0 0.9640625 0.5114583333333333 0.045312500000000006 0.06666666666666667
