0 0.019921875000000002 0.403125 0.03828125 0.0875
0 0.220703125 0.3421875 0.07109375 0.071875
0 0.30000000000000004 0.1515625 0.084375 0.11562499999999999
0 0.2515625 0.17708333333333334 0.0578125 0.10208333333333333
0 0.22773437500000002 0.071875 0.06328125 0.09583333333333333
0 0.563671875 0.09583333333333333 0.04296875 0.05
0 0.5640625 0.036458333333333336 0.0390625 0.04583333333333333
0 0.598046875 0.03177083333333333 0.04296875 0.051041666666666666
0 0.6312500000000001 0.4744791666666667 0.0890625 0.11770833333333333
0 0.700390625 0.5473958333333333 0.08671875000000001 0.10520833333333333
0 0.7699218750000001 0.5098958333333333 0.07109375 0.09479166666666666
0 0.8460937500000001 0.5182291666666666 0.06875 0.090625
0 0.76875 0.9677083333333333 0.065625 0.06458333333333333
0 0.96015625 0.9489583333333333 0.060937500000000006 0.08125
0 0.516796875 0.6489583333333333 0.06640625 0.07916666666666666
0 0.536328125 0.5145833333333333 0.07109375 0.09166666666666666
0 0.499609375 0.575 0.06953125 0.08333333333333333
0 0.437109375 0.5005208333333333 0.08671875000000001 0.11354166666666667
0 0.413671875 0.6536458333333334 0.05859375 0.08645833333333333
0 0.39492187500000003 0.5520833333333334 0.05390625 0.07291666666666667
0 0.337890625 0.3536458333333333 0.08359375000000001 0.11562499999999999
0 0.401953125 0.2890625 0.08671875000000001 0.121875
0 0.36640625000000004 0.22291666666666665 0.051562500000000004 0.07708333333333334
0 0.08984375 0.6911458333333333 0.053125000000000006 0.071875
0 0.032031250000000004 0.890625 0.060937500000000006 0.09583333333333333
0 0.203515625 0.9401041666666666 0.041406250000000006 0.059375
0 0.2671875 0.9052083333333333 0.059375000000000004 0.08958333333333333
0 0.260546875 0.7770833333333333 0.06171875 0.08541666666666667
0 0.509765625 0.7604166666666666 0.041406250000000006 0.052083333333333336
