0 0.11328125 0.5588541666666667 0.0671875 0.08854166666666667
0 0.10234375000000001 0.6895833333333333 0.0734375 0.09791666666666667
0 0.180078125 0.8145833333333333 0.07421875 0.11041666666666666
0 0.13007812500000002 0.79375 0.05390625 0.08333333333333333
0 0.251953125 0.5380208333333333 0.07890625000000001 0.10729166666666666
0 0.21250000000000002 0.5765625 0.09062500000000001 0.10520833333333333
0 0.36796875 0.2661458333333333 0.045312500000000006 0.053125
0 0.404296875 0.3380208333333333 0.03828125 0.04895833333333333
0 0.41640625000000003 0.11822916666666666 0.035937500000000004 0.042708333333333334
0 0.424609375 0.05364583333333333 0.041406250000000006 0.051041666666666666
0 0.7308593750000001 0.48593749999999997 0.09140625000000001 0.121875
0 0.6671875 0.43385416666666665 0.07500000000000001 0.11354166666666667
0 0.583984375 0.465625 0.06015625 0.05625
0 0.8933593750000001 0.46249999999999997 0.08671875000000001 0.12291666666666666
0 0.92890625 0.7182291666666667 0.0921875 0.14270833333333333
0 0.9164062500000001 0.8192708333333333 0.06875 0.08854166666666667
0 0.716015625 0.6208333333333333 0.014843750000000001 0.022916666666666665
0 0.81640625 0.5921875 0.025 0.034375
0 0.39140625 0.9536458333333333 0.018750000000000003 0.026041666666666668
0 0.24609375 0.8729166666666667 0.035937500000000004 0.05
0 0.270703125 0.8828125 0.02421875 0.026041666666666668
