0 0.048828125 0.3375 0.09453125000000001 0.1625
0 0.152734375 0.3625 0.11171875 0.17708333333333334
0 0.248828125 0.296875 0.04453125 0.04791666666666666
0 0.25 0.24322916666666666 0.043750000000000004 0.04895833333333333
0 0.162109375 0.057291666666666664 0.09609375 0.11041666666666666
0 0.5496093750000001 0.06875 0.09921875000000001 0.13333333333333333
0 0.7421875 0.08072916666666667 0.08125 0.12395833333333334
0 0.83515625 0.125 0.1015625 0.15625
0 0.71796875 0.2359375 0.040625 0.04895833333333333
0 0.8890625000000001 0.6213541666666667 0.07187500000000001 0.11145833333333333
0 0.960546875 0.7291666666666666 0.07890625000000001 0.10833333333333334
0 0.6839843750000001 0.8072916666666666 0.09296875 0.14166666666666666
0 0.5945312500000001 0.7713541666666667 0.1078125 0.15104166666666666
0 0.55 0.9651041666666667 0.05625 0.06354166666666666
0 0.6566406250000001 0.9036458333333334 0.041406250000000006 0.05520833333333333
0 0.49335937500000004 0.9661458333333334 0.047656250000000004 0.053125
0 0.19140625 0.7442708333333333 0.10625000000000001 0.13229166666666667
0 0.303515625 0.7583333333333333 0.11640625 0.15625
0 0.833203125 0.7078125 0.06640625 0.11145833333333333
0 0.978515625 0.34375 0.03671875 0.06041666666666667
0 0.9625 0.06614583333333333 0.07500000000000001 0.13020833333333334
