2 0.2848557692307692 0.33052884615384615 0.19230769230769232 0.23317307692307693
2 0.2848557692307692 0.09615384615384616 0.15865384615384615 0.18028846153846154
2 0.12980769230769232 0.6370192307692307 0.21634615384615385 0.22115384615384615
2 0.21514423076923078 0.4963942307692308 0.22115384615384615 0.20673076923076922
2 0.3786057692307692 0.41346153846153844 0.14903846153846154 0.22596153846153846
2 0.7872596153846154 0.21634615384615385 0.20432692307692307 0.24519230769230768
2 0.8762019230769231 0.3870192307692308 0.19230769230769232 0.2403846153846154
2 0.6045673076923077 0.5432692307692307 0.18269230769230768 0.22115384615384615
2 0.44711538461538464 0.7235576923076923 0.1658653846153846 0.19230769230769232
2 0.19831730769230768 0.9194711538461539 0.1658653846153846 0.1466346153846154
2 0.8509615384615384 0.9038461538461539 0.1778846153846154 0.18028846153846154
2 0.37259615384615385 0.8966346153846154 0.15865384615384615 0.18028846153846154
2 0.6237980769230769 0.9134615384615384 0.1778846153846154 0.15865384615384615
2 0.48677884615384615 0.8665865384615384 0.1658653846153846 0.1875
2 0.8557692307692307 0.5829326923076923 0.1658653846153846 0.20673076923076922
2 0.9447115384615384 0.4963942307692308 0.10096153846153846 0.20673076923076922
2 0.08173076923076923 0.8581730769230769 0.1346153846153846 0.14903846153846154