2 0.5817307692307693 0.8930288461538461 0.15865384615384615 0.16826923076923078
2 0.5889423076923077 0.7752403846153846 0.16346153846153846 0.15384615384615385
2 0.8894230769230769 0.8617788461538461 0.10576923076923077 0.125
2 0.9110576923076923 0.7536057692307693 0.09615384615384616 0.10096153846153846
2 0.6286057692307693 0.5973557692307693 0.13942307692307693 0.12980769230769232
2 0.5600961538461539 0.5913461538461539 0.11538461538461539 0.10576923076923077
2 0.40024038461538464 0.49278846153846156 0.11538461538461539 0.14182692307692307
2 0.32211538461538464 0.49158653846153844 0.12980769230769232 0.1201923076923077
2 0.052884615384615384 0.5108173076923077 0.0985576923076923 0.15865384615384615
2 0.04447115384615385 0.7728365384615384 0.08173076923076923 0.15865384615384615
2 0.43509615384615385 0.2439903846153846 0.0985576923076923 0.14182692307692307
2 0.34615384615384615 0.24278846153846154 0.11538461538461539 0.13942307692307693
2 0.27524038461538464 0.18389423076923078 0.0985576923076923 0.1201923076923077
2 0.5072115384615384 0.2536057692307692 0.0889423076923077 0.11538461538461539
2 0.6069711538461539 0.44711538461538464 0.11057692307692307 0.09375
2 0.7980769230769231 0.4266826923076923 0.08413461538461539 0.0889423076923077
2 0.8665865384615384 0.5084134615384616 0.0625 0.08413461538461539
2 0.7620192307692307 0.5492788461538461 0.0673076923076923 0.08413461538461539
2 0.7271634615384616 0.6838942307692307 0.07692307692307693 0.0625
2 0.8377403846153846 0.2403846153846154 0.057692307692307696 0.07211538461538461
2 0.7668269230769231 0.2536057692307692 0.0673076923076923 0.0985576923076923
2 0.8557692307692307 0.1622596153846154 0.057692307692307696 0.07692307692307693
2 0.7620192307692307 0.16947115384615385 0.07692307692307693 0.07211538461538461
2 0.8040865384615384 0.15144230769230768 0.0625 0.0985576923076923
2 0.7067307692307693 0.18269230769230768 0.0625 0.0625
2 0.625 0.13942307692307693 0.057692307692307696 0.0673076923076923
2 0.6622596153846154 0.15144230769230768 0.0625 0.08173076923076923
2 0.6826923076923077 0.09134615384615384 0.0673076923076923 0.057692307692307696
2 0.7151442307692307 0.07091346153846154 0.0625 0.052884615384615384
2 0.6045673076923077 0.0733173076923077 0.052884615384615384 0.07692307692307693
2 0.44471153846153844 0.06490384615384616 0.0625 0.07692307692307693
2 0.453125 0.03125 0.08173076923076923 0.052884615384615384
2 0.4026442307692308 0.039663461538461536 0.07692307692307693 0.07211538461538461
2 0.7439903846153846 0.8737980769230769 0.0673076923076923 0.0673076923076923
2 0.6838942307692307 0.3954326923076923 0.0889423076923077 0.08173076923076923
2 0.6466346153846154 0.2956730769230769 0.057692307692307696 0.0673076923076923
2 0.5997596153846154 0.2824519230769231 0.07211538461538461 0.0673076923076923