2 0.18629807692307693 0.17908653846153846 0.1778846153846154 0.17067307692307693
2 0.16466346153846154 0.37259615384615385 0.17067307692307693 0.15865384615384615
2 0.2800480769230769 0.453125 0.15865384615384615 0.14423076923076922
2 0.34134615384615385 0.5637019230769231 0.18269230769230768 0.15384615384615385
2 0.5673076923076923 0.5889423076923077 0.1346153846153846 0.13942307692307693
2 0.4423076923076923 0.6598557692307693 0.16346153846153846 0.14903846153846154
2 0.5733173076923077 0.7211538461538461 0.17067307692307693 0.14903846153846154
2 0.359375 0.7596153846153846 0.15865384615384615 0.11538461538461539
2 0.20432692307692307 0.8125 0.15384615384615385 0.13221153846153846
2 0.9326923076923077 0.8149038461538461 0.1201923076923077 0.13942307692307693
2 0.734375 0.9471153846153846 0.13942307692307693 0.09375
2 0.08533653846153846 0.22235576923076922 0.1346153846153846 0.14903846153846154
2 0.04807692307692308 0.41947115384615385 0.09615384615384616 0.1346153846153846
2 0.08774038461538461 0.5348557692307693 0.16105769230769232 0.11057692307692307
2 0.06850961538461539 0.8858173076923077 0.1201923076923077 0.125
2 0.30528846153846156 0.8762019230769231 0.15384615384615385 0.10576923076923077
2 0.5060096153846154 0.8052884615384616 0.16826923076923078 0.13221153846153846