2 0.42908653846153844 0.3112980769230769 0.10096153846153846 0.1466346153846154
2 0.15264423076923078 0.17067307692307693 0.10576923076923077 0.15865384615384615
2 0.38100961538461536 0.46033653846153844 0.07932692307692307 0.12980769230769232
2 0.44711538461538464 0.4543269230769231 0.0625 0.10336538461538461
2 0.5264423076923077 0.15264423076923078 0.09615384615384616 0.1201923076923077
2 0.6526442307692307 0.3112980769230769 0.10576923076923077 0.1346153846153846
2 0.8317307692307693 0.2932692307692308 0.11538461538461539 0.1466346153846154
2 0.7283653846153846 0.39663461538461536 0.1201923076923077 0.1466346153846154
2 0.8076923076923077 0.5180288461538461 0.11057692307692307 0.1466346153846154
2 0.8389423076923077 0.39663461538461536 0.11057692307692307 0.1346153846153846
2 0.06850961538461539 0.5180288461538461 0.125 0.17067307692307693
2 0.14423076923076922 0.5817307692307693 0.10096153846153846 0.1778846153846154
2 0.23918269230769232 0.6887019230769231 0.11057692307692307 0.1466346153846154
2 0.43149038461538464 0.8689903846153846 0.11538461538461539 0.13942307692307693
2 0.41586538461538464 0.9483173076923077 0.10576923076923077 0.09134615384615384
2 0.07091346153846154 0.8197115384615384 0.1201923076923077 0.16346153846153846
2 0.12379807692307693 0.8870192307692307 0.11057692307692307 0.16346153846153846
2 0.7524038461538461 0.6033653846153846 0.10576923076923077 0.1346153846153846
2 0.5661057692307693 0.4483173076923077 0.0889423076923077 0.12980769230769232
2 0.703125 0.14903846153846154 0.07932692307692307 0.09134615384615384
2 0.08413461538461539 0.09495192307692307 0.125 0.16346153846153846
2 0.039663461538461536 0.27403846153846156 0.07932692307692307 0.1201923076923077
2 0.027644230769230768 0.20552884615384615 0.052884615384615384 0.1346153846153846
2 0.3629807692307692 0.0829326923076923 0.11057692307692307 0.125
2 0.2512019230769231 0.051682692307692304 0.09134615384615384 0.09615384615384616