2 0.6081730769230769 0.5504807692307693 0.16346153846153846 0.13221153846153846
2 0.375 0.5973557692307693 0.17067307692307693 0.1875
2 0.14783653846153846 0.7007211538461539 0.13942307692307693 0.1201923076923077
2 0.2824519230769231 0.4963942307692308 0.12980769230769232 0.15144230769230768
2 0.14423076923076922 0.5 0.14423076923076922 0.13221153846153846
2 0.3449519230769231 0.23317307692307693 0.125 0.13942307692307693
2 0.5492788461538461 0.18870192307692307 0.15144230769230768 0.15144230769230768
2 0.6742788461538461 0.2764423076923077 0.1778846153846154 0.16346153846153846
2 0.8389423076923077 0.2668269230769231 0.15144230769230768 0.19471153846153846
2 0.14423076923076922 0.08533653846153846 0.13221153846153846 0.13221153846153846
2 0.9543269230769231 0.6935096153846154 0.09134615384615384 0.17548076923076922
2 0.9411057692307693 0.046875 0.11778846153846154 0.09375