2 0.49038461538461536 0.43149038461538464 0.23557692307692307 0.22596153846153846
2 0.4855769230769231 0.6201923076923077 0.22596153846153846 0.23076923076923078
2 0.7475961538461539 0.9026442307692307 0.21153846153846154 0.18990384615384615
2 0.4266826923076923 0.921875 0.18028846153846154 0.15144230769230768
2 0.203125 0.15745192307692307 0.20432692307692307 0.20673076923076922
2 0.1346153846153846 0.29447115384615385 0.15865384615384615 0.22115384615384615
2 0.12860576923076922 0.7764423076923077 0.19471153846153846 0.18269230769230768
2 0.16826923076923078 0.5757211538461539 0.17307692307692307 0.21634615384615385
2 0.054086538461538464 0.5877403846153846 0.10336538461538461 0.21153846153846154
2 0.06009615384615385 0.32572115384615385 0.10576923076923077 0.22115384615384615
2 0.40024038461538464 0.06850961538461539 0.11298076923076923 0.11778846153846154
2 0.8076923076923077 0.46153846153846156 0.15865384615384615 0.20673076923076922
2 0.5060096153846154 0.1622596153846154 0.15625 0.14903846153846154
2 0.3762019230769231 0.5336538461538461 0.17067307692307693 0.24519230769230768
2 0.5985576923076923 0.06370192307692307 0.16346153846153846 0.12740384615384615