2 0.8209134615384616 0.18629807692307693 0.17067307692307693 0.1778846153846154
2 0.6274038461538461 0.16466346153846154 0.15865384615384615 0.17067307692307693
2 0.546875 0.2800480769230769 0.14423076923076922 0.15865384615384615
2 0.4362980769230769 0.34134615384615385 0.15384615384615385 0.18269230769230768
2 0.4110576923076923 0.5673076923076923 0.13942307692307693 0.1346153846153846
2 0.3401442307692308 0.4423076923076923 0.14903846153846154 0.16346153846153846
2 0.27884615384615385 0.5733173076923077 0.14903846153846154 0.17067307692307693
2 0.2403846153846154 0.359375 0.11538461538461539 0.15865384615384615
2 0.1875 0.20432692307692307 0.13221153846153846 0.15384615384615385
2 0.18509615384615385 0.9326923076923077 0.13942307692307693 0.1201923076923077
2 0.052884615384615384 0.734375 0.09375 0.13942307692307693
2 0.7776442307692307 0.08533653846153846 0.14903846153846154 0.1346153846153846
2 0.5805288461538461 0.04807692307692308 0.1346153846153846 0.09615384615384616
2 0.4651442307692308 0.08774038461538461 0.11057692307692307 0.16105769230769232
2 0.1141826923076923 0.06850961538461539 0.125 0.1201923076923077
2 0.12379807692307693 0.30528846153846156 0.10576923076923077 0.15384615384615385
2 0.19471153846153846 0.5060096153846154 0.13221153846153846 0.16826923076923078