2 0.3269230769230769 0.23798076923076922 0.12980769230769232 0.16105769230769232
2 0.22355769230769232 0.46153846153846156 0.1346153846153846 0.16826923076923078
2 0.17067307692307693 0.6189903846153846 0.1466346153846154 0.16105769230769232
2 0.296875 0.6538461538461539 0.15384615384615385 0.19471153846153846
2 0.22235576923076922 0.7331730769230769 0.14903846153846154 0.1971153846153846
2 0.36538461538461536 0.7512019230769231 0.15384615384615385 0.17548076923076922
2 0.6418269230769231 0.6322115384615384 0.15384615384615385 0.19471153846153846
2 0.3401442307692308 0.9591346153846154 0.1346153846153846 0.07211538461538461
2 0.9483173076923077 0.8461538461538461 0.09615384615384616 0.20673076923076922
2 0.9735576923076923 0.671875 0.04807692307692308 0.22355769230769232
2 0.06850961538461539 0.06490384615384616 0.10096153846153846 0.10817307692307693
2 0.9675480769230769 0.04326923076923077 0.06490384615384616 0.08653846153846154
2 0.24158653846153846 0.046875 0.09134615384615384 0.09375