2 0.34134615384615385 0.12139423076923077 0.1875 0.20673076923076922
2 0.4254807692307692 0.2548076923076923 0.1875 0.21153846153846154
2 0.18509615384615385 0.39903846153846156 0.18269230769230768 0.20673076923076922
2 0.7992788461538461 0.24519230769230768 0.15384615384615385 0.19471153846153846
2 0.7079326923076923 0.37259615384615385 0.13942307692307693 0.1658653846153846
2 0.7824519230769231 0.5745192307692307 0.13942307692307693 0.1778846153846154
2 0.859375 0.6923076923076923 0.14423076923076922 0.14182692307692307
2 0.8617788461538461 0.5793269230769231 0.15865384615384615 0.21153846153846154
2 0.6826923076923077 0.7632211538461539 0.14903846153846154 0.21153846153846154
2 0.5516826923076923 0.7247596153846154 0.16346153846153846 0.18269230769230768
2 0.4014423076923077 0.7427884615384616 0.13942307692307693 0.15865384615384615
2 0.19110576923076922 0.7367788461538461 0.14423076923076922 0.17307692307692307
2 0.08173076923076923 0.6899038461538461 0.11538461538461539 0.14903846153846154
2 0.41346153846153844 0.44350961538461536 0.14423076923076922 0.1778846153846154
2 0.5228365384615384 0.3641826923076923 0.17307692307692307 0.1346153846153846
2 0.5769230769230769 0.4639423076923077 0.14423076923076922 0.125
2 0.359375 0.8846153846153846 0.18269230769230768 0.17307692307692307
2 0.9134615384615384 0.78125 0.15384615384615385 0.1778846153846154
2 0.054086538461538464 0.5685096153846154 0.10336538461538461 0.14903846153846154