2 0.7692307692307693 0.2127403846153846 0.2692307692307692 0.2692307692307692
2 0.31009615384615385 0.4987980769230769 0.14423076923076922 0.17307692307692307
2 0.24278846153846154 0.8317307692307693 0.18028846153846154 0.1875
2 0.18990384615384615 0.6442307692307693 0.15625 0.16346153846153846
2 0.4579326923076923 0.5372596153846154 0.19230769230769232 0.20192307692307693
2 0.7223557692307693 0.44471153846153844 0.12259615384615384 0.14423076923076922
2 0.7584134615384616 0.65625 0.15625 0.18509615384615385
2 0.6165865384615384 0.7115384615384616 0.15625 0.15384615384615385
2 0.08173076923076923 0.9302884615384616 0.15865384615384615 0.1346153846153846
2 0.17668269230769232 0.9266826923076923 0.14423076923076922 0.14182692307692307
2 0.25240384615384615 0.24278846153846154 0.14423076923076922 0.14423076923076922
2 0.34134615384615385 0.33653846153846156 0.13942307692307693 0.125
2 0.40024038461538464 0.09254807692307693 0.23076923076923078 0.17307692307692307