2 0.23076923076923078 0.7872596153846154 0.2692307692307692 0.2692307692307692
2 0.6899038461538461 0.5012019230769231 0.14423076923076922 0.17307692307692307
2 0.7572115384615384 0.16826923076923078 0.18028846153846154 0.1875
2 0.8100961538461539 0.3557692307692308 0.15625 0.16346153846153846
2 0.5420673076923077 0.46274038461538464 0.19230769230769232 0.20192307692307693
2 0.2776442307692308 0.5552884615384616 0.12259615384615384 0.14423076923076922
2 0.24158653846153846 0.34375 0.15625 0.18269230769230768
2 0.38341346153846156 0.28846153846153844 0.15625 0.15384615384615385
2 0.9182692307692307 0.06971153846153846 0.15865384615384615 0.1346153846153846
2 0.8233173076923077 0.0733173076923077 0.14423076923076922 0.14182692307692307
2 0.7475961538461539 0.7572115384615384 0.14423076923076922 0.14423076923076922
2 0.6586538461538461 0.6634615384615384 0.13942307692307693 0.125
2 0.5997596153846154 0.9074519230769231 0.23076923076923078 0.17307692307692307