2 0.8197115384615384 0.7319711538461539 0.17307692307692307 0.22596153846153846
2 0.8930288461538461 0.4014423076923077 0.11057692307692307 0.21153846153846154
2 0.6478365384615384 0.3269230769230769 0.10576923076923077 0.15865384615384615
2 0.6225961538461539 0.44350961538461536 0.125 0.17307692307692307
2 0.5228365384615384 0.59375 0.09615384615384616 0.1346153846153846
2 0.5600961538461539 0.7091346153846154 0.11057692307692307 0.14423076923076922
2 0.6826923076923077 0.6790865384615384 0.08173076923076923 0.1201923076923077
2 0.3016826923076923 0.48677884615384615 0.125 0.1778846153846154
2 0.20673076923076922 0.49399038461538464 0.11538461538461539 0.18509615384615385
2 0.051682692307692304 0.703125 0.10096153846153846 0.16346153846153846
2 0.038461538461538464 0.4495192307692308 0.07692307692307693 0.18990384615384615
2 0.12379807692307693 0.21394230769230768 0.10576923076923077 0.14903846153846154
2 0.2247596153846154 0.23076923076923078 0.09615384615384616 0.15625
2 0.22596153846153846 0.10697115384615384 0.1201923076923077 0.17548076923076922
2 0.5709134615384616 0.21514423076923078 0.10096153846153846 0.1346153846153846
2 0.46033653846153844 0.26322115384615385 0.10817307692307693 0.15865384615384615
2 0.38100961538461536 0.19951923076923078 0.1201923076923077 0.14903846153846154
2 0.3641826923076923 0.10336538461538461 0.11298076923076923 0.17307692307692307
2 0.9435096153846154 0.7259615384615384 0.10576923076923077 0.25961538461538464