2 0.23197115384615385 0.3076923076923077 0.20192307692307693 0.23076923076923078
2 0.6153846153846154 0.47716346153846156 0.20192307692307693 0.21634615384615385
2 0.7427884615384616 0.4963942307692308 0.18269230769230768 0.19230769230769232
2 0.546875 0.8966346153846154 0.18269230769230768 0.19230769230769232
2 0.6959134615384616 0.9002403846153846 0.1875 0.18509615384615385
2 0.27163461538461536 0.5697115384615384 0.21153846153846154 0.18509615384615385
2 0.43509615384615385 0.8846153846153846 0.17307692307692307 0.15384615384615385
2 0.15264423076923078 0.6694711538461539 0.17307692307692307 0.16826923076923078
2 0.0829326923076923 0.1502403846153846 0.11057692307692307 0.10336538461538461
2 0.37740384615384615 0.3233173076923077 0.20192307692307693 0.21634615384615385
2 0.3088942307692308 0.056490384615384616 0.21394230769230768 0.11298076923076923