2 0.12139423076923077 0.6586538461538461 0.20673076923076922 0.18990384615384615
2 0.2548076923076923 0.5745192307692307 0.21153846153846154 0.1875
2 0.39903846153846156 0.8149038461538461 0.20673076923076922 0.18269230769230768
2 0.24519230769230768 0.20072115384615385 0.19471153846153846 0.15384615384615385
2 0.37259615384615385 0.2920673076923077 0.1658653846153846 0.13942307692307693
2 0.5745192307692307 0.21754807692307693 0.1778846153846154 0.13942307692307693
2 0.6923076923076923 0.140625 0.14182692307692307 0.14423076923076922
2 0.5793269230769231 0.13822115384615385 0.21153846153846154 0.15865384615384615
2 0.7632211538461539 0.3173076923076923 0.21153846153846154 0.14903846153846154
2 0.7247596153846154 0.4483173076923077 0.18269230769230768 0.16346153846153846
2 0.7427884615384616 0.5985576923076923 0.15865384615384615 0.13942307692307693
2 0.7367788461538461 0.8088942307692307 0.17307692307692307 0.14423076923076922
2 0.6899038461538461 0.9182692307692307 0.14903846153846154 0.11538461538461539
2 0.44350961538461536 0.5865384615384616 0.1778846153846154 0.14423076923076922
2 0.3641826923076923 0.47716346153846156 0.1346153846153846 0.17307692307692307
2 0.4639423076923077 0.4230769230769231 0.125 0.14423076923076922
2 0.8846153846153846 0.640625 0.17307692307692307 0.18269230769230768
2 0.78125 0.08653846153846154 0.1778846153846154 0.15384615384615385
2 0.5685096153846154 0.9459134615384616 0.14903846153846154 0.10336538461538461