2 0.37259615384615385 0.8810096153846154 0.1875 0.15384615384615385
2 0.5925480769230769 0.6814903846153846 0.22115384615384615 0.16346153846153846
2 0.5288461538461539 0.5288461538461539 0.19951923076923078 0.1658653846153846
2 0.45552884615384615 0.4338942307692308 0.1971153846153846 0.14182692307692307
2 0.29447115384615385 0.11298076923076923 0.15384615384615385 0.11057692307692307
2 0.5925480769230769 0.20192307692307693 0.11057692307692307 0.07692307692307693
2 0.8257211538461539 0.5552884615384616 0.12980769230769232 0.10576923076923077
2 0.7848557692307693 0.43509615384615385 0.11057692307692307 0.08173076923076923
2 0.7836538461538461 0.30408653846153844 0.10576923076923077 0.07211538461538461
2 0.9615384615384616 0.7908653846153846 0.07211538461538461 0.0625
2 0.9639423076923077 0.08413461538461539 0.0673076923076923 0.052884615384615384
2 0.38100961538461536 0.8257211538461539 0.17307692307692307 0.11057692307692307
2 0.8870192307692307 0.47836538461538464 0.1346153846153846 0.11057692307692307
2 0.8485576923076923 0.3545673076923077 0.09615384615384616 0.07211538461538461
2 0.921875 0.3798076923076923 0.11538461538461539 0.08173076923076923
2 0.6454326923076923 0.546875 0.1201923076923077 0.09134615384615384
2 0.6213942307692307 0.4891826923076923 0.07692307692307693 0.0625