2 0.43149038461538464 0.5096153846153846 0.22596153846153846 0.23557692307692307
2 0.6201923076923077 0.5144230769230769 0.23076923076923078 0.22596153846153846
2 0.9026442307692307 0.25240384615384615 0.1875 0.21153846153846154
2 0.921875 0.5733173076923077 0.14903846153846154 0.18028846153846154
2 0.15745192307692307 0.796875 0.20673076923076922 0.20432692307692307
2 0.29447115384615385 0.8653846153846154 0.22115384615384615 0.15865384615384615
2 0.7764423076923077 0.8713942307692307 0.18269230769230768 0.19471153846153846
2 0.5757211538461539 0.8317307692307693 0.21634615384615385 0.17307692307692307
2 0.5877403846153846 0.9459134615384616 0.21153846153846154 0.10336538461538461
2 0.32572115384615385 0.9399038461538461 0.22115384615384615 0.10576923076923077
2 0.06850961538461539 0.5997596153846154 0.11778846153846154 0.11298076923076923
2 0.46153846153846156 0.19230769230769232 0.20673076923076922 0.15865384615384615
2 0.1622596153846154 0.49399038461538464 0.14903846153846154 0.15625
2 0.5336538461538461 0.6237980769230769 0.24519230769230768 0.17067307692307693
2 0.06370192307692307 0.4014423076923077 0.12740384615384615 0.16346153846153846