2 0.5504807692307693 0.3918269230769231 0.13221153846153846 0.16346153846153846
2 0.5973557692307693 0.625 0.1875 0.17067307692307693
2 0.7007211538461539 0.8521634615384616 0.1201923076923077 0.13942307692307693
2 0.4963942307692308 0.7175480769230769 0.15144230769230768 0.12980769230769232
2 0.5 0.8557692307692307 0.13221153846153846 0.14423076923076922
2 0.23317307692307693 0.6550480769230769 0.13942307692307693 0.125
2 0.18870192307692307 0.45072115384615385 0.15144230769230768 0.15144230769230768
2 0.2764423076923077 0.32572115384615385 0.16346153846153846 0.1778846153846154
2 0.2668269230769231 0.16105769230769232 0.19471153846153846 0.15144230769230768
2 0.08533653846153846 0.8557692307692307 0.13221153846153846 0.13221153846153846
2 0.6935096153846154 0.04567307692307692 0.17548076923076922 0.09134615384615384
2 0.046875 0.05889423076923077 0.09375 0.11778846153846154