2 0.7872596153846154 0.7692307692307693 0.2692307692307692 0.2692307692307692
2 0.5012019230769231 0.31009615384615385 0.17307692307692307 0.14423076923076922
2 0.16826923076923078 0.24278846153846154 0.1875 0.18028846153846154
2 0.3557692307692308 0.18990384615384615 0.16346153846153846 0.15625
2 0.46274038461538464 0.4579326923076923 0.20192307692307693 0.19230769230769232
2 0.5552884615384616 0.7223557692307693 0.14423076923076922 0.12259615384615384
2 0.34375 0.7584134615384616 0.18509615384615385 0.15625
2 0.28846153846153844 0.6165865384615384 0.15384615384615385 0.15625
2 0.06971153846153846 0.08173076923076923 0.1346153846153846 0.15865384615384615
2 0.0733173076923077 0.17668269230769232 0.14182692307692307 0.14423076923076922
2 0.7572115384615384 0.25240384615384615 0.14423076923076922 0.14423076923076922
2 0.6634615384615384 0.34134615384615385 0.125 0.13942307692307693
2 0.9074519230769231 0.40024038461538464 0.17307692307692307 0.23076923076923078