2 0.5288461538461539 0.6634615384615384 0.24519230769230768 0.19951923076923078
2 0.5408653846153846 0.8329326923076923 0.25 0.19230769230769232
2 0.43028846153846156 0.7536057692307693 0.23557692307692307 0.20673076923076922
2 0.16947115384615385 0.8016826923076923 0.22115384615384615 0.1971153846153846
2 0.14302884615384615 0.546875 0.16826923076923078 0.20192307692307693
2 0.06129807692307692 0.5661057692307693 0.11538461538461539 0.2403846153846154
2 0.20793269230769232 0.4182692307692308 0.24278846153846154 0.20192307692307693
2 0.14302884615384615 0.22956730769230768 0.2091346153846154 0.18269230769230768
2 0.4807692307692308 0.12139423076923077 0.25961538461538464 0.20192307692307693
2 0.6754807692307693 0.2980769230769231 0.1971153846153846 0.16346153846153846
2 0.5637019230769231 0.296875 0.1875 0.14423076923076922
2 0.8485576923076923 0.23798076923076922 0.21394230769230768 0.1875
2 0.5697115384615384 0.41225961538461536 0.17548076923076922 0.14903846153846154
2 0.13822115384615385 0.9471153846153846 0.23557692307692307 0.10336538461538461
2 0.04567307692307692 0.8064903846153846 0.08653846153846154 0.20673076923076922
2 0.4014423076923077 0.2620192307692308 0.11057692307692307 0.10817307692307693
2 0.8088942307692307 0.055288461538461536 0.16346153846153846 0.11057692307692307
2 0.2980769230769231 0.08533653846153846 0.1875 0.15865384615384615