2 0.6634615384615384 0.47115384615384615 0.19951923076923078 0.24519230769230768
2 0.8329326923076923 0.45913461538461536 0.19230769230769232 0.25
2 0.7536057692307693 0.5697115384615384 0.20673076923076922 0.23557692307692307
2 0.8016826923076923 0.8305288461538461 0.1971153846153846 0.22115384615384615
2 0.546875 0.8569711538461539 0.20192307692307693 0.16826923076923078
2 0.5661057692307693 0.9387019230769231 0.2403846153846154 0.11538461538461539
2 0.4182692307692308 0.7920673076923077 0.20192307692307693 0.24278846153846154
2 0.22956730769230768 0.8569711538461539 0.18269230769230768 0.2091346153846154
2 0.12139423076923077 0.5192307692307693 0.20192307692307693 0.25961538461538464
2 0.2980769230769231 0.3245192307692308 0.16346153846153846 0.1971153846153846
2 0.296875 0.4362980769230769 0.14423076923076922 0.1875
2 0.23798076923076922 0.15144230769230768 0.1875 0.21394230769230768
2 0.41225961538461536 0.43028846153846156 0.14903846153846154 0.17548076923076922
2 0.9471153846153846 0.8617788461538461 0.10096153846153846 0.23557692307692307
2 0.8064903846153846 0.9543269230769231 0.20673076923076922 0.08653846153846154
2 0.2620192307692308 0.5985576923076923 0.10817307692307693 0.11057692307692307
2 0.055288461538461536 0.19110576923076922 0.11057692307692307 0.16346153846153846
2 0.08533653846153846 0.7019230769230769 0.15865384615384615 0.1875