2 0.18028846153846154 0.26802884615384615 0.17307692307692307 0.22596153846153846
2 0.10697115384615384 0.5985576923076923 0.11057692307692307 0.21153846153846154
2 0.35216346153846156 0.6730769230769231 0.10576923076923077 0.15865384615384615
2 0.37740384615384615 0.5564903846153846 0.125 0.17307692307692307
2 0.47716346153846156 0.40625 0.09615384615384616 0.1346153846153846
2 0.43990384615384615 0.29086538461538464 0.11057692307692307 0.14423076923076922
2 0.3173076923076923 0.32091346153846156 0.08173076923076923 0.1201923076923077
2 0.6983173076923077 0.5132211538461539 0.125 0.1778846153846154
2 0.7932692307692307 0.5060096153846154 0.11538461538461539 0.18269230769230768
2 0.9483173076923077 0.296875 0.10096153846153846 0.16346153846153846
2 0.9615384615384616 0.5504807692307693 0.07692307692307693 0.18990384615384615
2 0.8762019230769231 0.7860576923076923 0.10576923076923077 0.14903846153846154
2 0.7752403846153846 0.7692307692307693 0.09615384615384616 0.15384615384615385
2 0.7740384615384616 0.8930288461538461 0.1201923076923077 0.17307692307692307
2 0.42908653846153844 0.7848557692307693 0.10096153846153846 0.1346153846153846
2 0.5396634615384616 0.7367788461538461 0.10576923076923077 0.15865384615384615
2 0.6189903846153846 0.8004807692307693 0.1201923076923077 0.14903846153846154
2 0.6358173076923077 0.8966346153846154 0.11298076923076923 0.17307692307692307
2 0.056490384615384616 0.27403846153846156 0.10576923076923077 0.25961538461538464