2 0.7151442307692307 0.6694711538461539 0.19230769230769232 0.23317307692307693
2 0.7151442307692307 0.9038461538461539 0.15865384615384615 0.18028846153846154
2 0.8701923076923077 0.3629807692307692 0.21634615384615385 0.22115384615384615
2 0.7848557692307693 0.5036057692307693 0.22115384615384615 0.20673076923076922
2 0.6213942307692307 0.5865384615384616 0.14903846153846154 0.22596153846153846
2 0.2127403846153846 0.7836538461538461 0.20432692307692307 0.24519230769230768
2 0.12379807692307693 0.6129807692307693 0.19471153846153846 0.2403846153846154
2 0.3954326923076923 0.4567307692307692 0.18269230769230768 0.22115384615384615
2 0.5528846153846154 0.2764423076923077 0.1658653846153846 0.19230769230769232
2 0.8016826923076923 0.08052884615384616 0.1658653846153846 0.1466346153846154
2 0.14903846153846154 0.09615384615384616 0.1778846153846154 0.18028846153846154
2 0.6274038461538461 0.10336538461538461 0.16105769230769232 0.18028846153846154
2 0.3762019230769231 0.08653846153846154 0.1778846153846154 0.15865384615384615
2 0.5132211538461539 0.13341346153846154 0.1658653846153846 0.1875
2 0.14423076923076922 0.4170673076923077 0.1658653846153846 0.20673076923076922
2 0.055288461538461536 0.5036057692307693 0.10096153846153846 0.20673076923076922
2 0.9182692307692307 0.14182692307692307 0.1346153846153846 0.14903846153846154