2 0.7896634615384616 0.14182692307692307 0.31490384615384615 0.23557692307692307
2 0.6382211538461539 0.5540865384615384 0.3245192307692308 0.24278846153846154
2 0.8329326923076923 0.6117788461538461 0.2692307692307692 0.21394230769230768
2 0.6646634615384616 0.4411057692307692 0.28846153846153844 0.22596153846153846
2 0.8004807692307693 0.9050480769230769 0.2692307692307692 0.1875
2 0.35096153846153844 0.5997596153846154 0.3173076923076923 0.23076923076923078
2 0.3245192307692308 0.765625 0.27884615384615385 0.1971153846153846
2 0.33653846153846156 0.32572115384615385 0.28365384615384615 0.1971153846153846
2 0.1045673076923077 0.53125 0.20673076923076922 0.21875
2 0.171875 0.40024038461538464 0.2403846153846154 0.21153846153846154
2 0.7067307692307693 0.34134615384615385 0.20192307692307693 0.15865384615384615
2 0.6706730769230769 0.25721153846153844 0.19951923076923078 0.15384615384615385