2 0.14182692307692307 0.21033653846153846 0.23557692307692307 0.31490384615384615
2 0.5540865384615384 0.36177884615384615 0.24278846153846154 0.3245192307692308
2 0.6117788461538461 0.16706730769230768 0.21394230769230768 0.2692307692307692
2 0.4411057692307692 0.33533653846153844 0.22596153846153846 0.28846153846153844
2 0.9050480769230769 0.19951923076923078 0.1875 0.2692307692307692
2 0.5997596153846154 0.6490384615384616 0.23076923076923078 0.3173076923076923
2 0.765625 0.6754807692307693 0.1971153846153846 0.27884615384615385
2 0.32572115384615385 0.6634615384615384 0.1971153846153846 0.28365384615384615
2 0.53125 0.8954326923076923 0.21875 0.20673076923076922
2 0.40024038461538464 0.828125 0.21153846153846154 0.2403846153846154
2 0.34134615384615385 0.2932692307692308 0.15865384615384615 0.20192307692307693
2 0.25721153846153844 0.3293269230769231 0.15384615384615385 0.19951923076923078