2 0.5685096153846154 0.49038461538461536 0.22596153846153846 0.23557692307692307
2 0.3798076923076923 0.4855769230769231 0.23076923076923078 0.22596153846153846
2 0.09735576923076923 0.7475961538461539 0.1875 0.21153846153846154
2 0.078125 0.4266826923076923 0.15144230769230768 0.18028846153846154
2 0.8425480769230769 0.203125 0.20673076923076922 0.20432692307692307
2 0.7055288461538461 0.1346153846153846 0.22115384615384615 0.15865384615384615
2 0.22355769230769232 0.12860576923076922 0.18509615384615385 0.19471153846153846
2 0.42427884615384615 0.16826923076923078 0.21875 0.17307692307692307
2 0.41225961538461536 0.054086538461538464 0.21153846153846154 0.10336538461538461
2 0.6742788461538461 0.06009615384615385 0.22115384615384615 0.10576923076923077
2 0.9314903846153846 0.40024038461538464 0.11778846153846154 0.11298076923076923
2 0.5384615384615384 0.8076923076923077 0.20673076923076922 0.15865384615384615
2 0.8377403846153846 0.5060096153846154 0.14903846153846154 0.15625
2 0.46634615384615385 0.3762019230769231 0.24519230769230768 0.17067307692307693
2 0.9362980769230769 0.5985576923076923 0.12740384615384615 0.16346153846153846