2 0.6201923076923077 0.7524038461538461 0.24519230769230768 0.23317307692307693
2 0.7572115384615384 0.8774038461538461 0.23557692307692307 0.23317307692307693
2 0.3629807692307692 0.5961538461538461 0.25721153846153844 0.25961538461538464
2 0.27163461538461536 0.8016826923076923 0.22115384615384615 0.25
2 0.07091346153846154 0.71875 0.12980769230769232 0.2548076923076923
2 0.4879807692307692 0.1935096153846154 0.19951923076923078 0.21634615384615385
2 0.6514423076923077 0.5 0.2283653846153846 0.2403846153846154
2 0.9026442307692307 0.3245192307692308 0.1875 0.21394230769230768
2 0.8966346153846154 0.5516826923076923 0.20673076923076922 0.25
2 0.38822115384615385 0.2283653846153846 0.17307692307692307 0.18269230769230768
2 0.9447115384615384 0.19591346153846154 0.11057692307692307 0.15865384615384615