2 0.6694711538461539 0.2848557692307692 0.23317307692307693 0.19230769230769232
2 0.9038461538461539 0.2848557692307692 0.18028846153846154 0.15865384615384615
2 0.3629807692307692 0.12980769230769232 0.22115384615384615 0.21634615384615385
2 0.5036057692307693 0.21514423076923078 0.20673076923076922 0.22115384615384615
2 0.5865384615384616 0.3786057692307692 0.22596153846153846 0.14903846153846154
2 0.7836538461538461 0.7872596153846154 0.24519230769230768 0.20432692307692307
2 0.6129807692307693 0.8762019230769231 0.2403846153846154 0.19230769230769232
2 0.4567307692307692 0.6045673076923077 0.22115384615384615 0.18269230769230768
2 0.2764423076923077 0.44711538461538464 0.19230769230769232 0.1658653846153846
2 0.08052884615384616 0.19831730769230768 0.1466346153846154 0.1658653846153846
2 0.09615384615384616 0.8509615384615384 0.18028846153846154 0.1778846153846154
2 0.10336538461538461 0.37259615384615385 0.18028846153846154 0.15865384615384615
2 0.08653846153846154 0.6237980769230769 0.15865384615384615 0.17548076923076922
2 0.13341346153846154 0.48677884615384615 0.1875 0.1658653846153846
2 0.4170673076923077 0.8557692307692307 0.20673076923076922 0.1658653846153846
2 0.5036057692307693 0.9447115384615384 0.20673076923076922 0.10096153846153846
2 0.14182692307692307 0.08173076923076923 0.14903846153846154 0.1346153846153846