2 0.10697115384615384 0.5817307692307693 0.16826923076923078 0.15865384615384615
2 0.2247596153846154 0.5889423076923077 0.15384615384615385 0.16346153846153846
2 0.13822115384615385 0.8894230769230769 0.125 0.10576923076923077
2 0.24639423076923078 0.9110576923076923 0.10096153846153846 0.09615384615384616
2 0.4026442307692308 0.6286057692307693 0.12980769230769232 0.13942307692307693
2 0.40865384615384615 0.5600961538461539 0.10576923076923077 0.11538461538461539
2 0.5072115384615384 0.40024038461538464 0.14182692307692307 0.11538461538461539
2 0.5084134615384616 0.32211538461538464 0.1201923076923077 0.12980769230769232
2 0.4891826923076923 0.052884615384615384 0.15865384615384615 0.09615384615384616
2 0.22716346153846154 0.04447115384615385 0.15865384615384615 0.08173076923076923
2 0.7560096153846154 0.43509615384615385 0.14182692307692307 0.09615384615384616
2 0.7572115384615384 0.34615384615384615 0.13942307692307693 0.11538461538461539
2 0.8161057692307693 0.27524038461538464 0.1201923076923077 0.09615384615384616
2 0.7463942307692307 0.5072115384615384 0.11538461538461539 0.0889423076923077
2 0.5528846153846154 0.6069711538461539 0.09375 0.11057692307692307
2 0.5733173076923077 0.7980769230769231 0.0889423076923077 0.08413461538461539
2 0.49158653846153844 0.8665865384615384 0.08413461538461539 0.0625
2 0.45072115384615385 0.7620192307692307 0.08413461538461539 0.0673076923076923
2 0.3161057692307692 0.7271634615384616 0.0625 0.07692307692307693
2 0.7596153846153846 0.8377403846153846 0.07211538461538461 0.057692307692307696
2 0.7463942307692307 0.7668269230769231 0.09615384615384616 0.0673076923076923
2 0.8377403846153846 0.8557692307692307 0.07692307692307693 0.057692307692307696
2 0.8305288461538461 0.7620192307692307 0.07211538461538461 0.07692307692307693
2 0.8485576923076923 0.8040865384615384 0.09615384615384616 0.0625
2 0.8173076923076923 0.7067307692307693 0.0625 0.0625
2 0.8605769230769231 0.625 0.0673076923076923 0.057692307692307696
2 0.8485576923076923 0.6622596153846154 0.08173076923076923 0.0625
2 0.9086538461538461 0.6826923076923077 0.057692307692307696 0.06490384615384616
2 0.9290865384615384 0.7151442307692307 0.052884615384615384 0.0625
2 0.9266826923076923 0.6045673076923077 0.07692307692307693 0.052884615384615384
2 0.9350961538461539 0.44471153846153844 0.07692307692307693 0.0625
2 0.96875 0.453125 0.052884615384615384 0.08173076923076923
2 0.9603365384615384 0.4026442307692308 0.07211538461538461 0.07692307692307693
2 0.12620192307692307 0.7439903846153846 0.0673076923076923 0.0673076923076923
2 0.6045673076923077 0.6838942307692307 0.08173076923076923 0.0889423076923077
2 0.7043269230769231 0.6466346153846154 0.0673076923076923 0.057692307692307696
2 0.7175480769230769 0.5997596153846154 0.0673076923076923 0.07211538461538461