2 0.5709134615384616 0.6887019230769231 0.10096153846153846 0.1466346153846154
2 0.8473557692307693 0.8293269230769231 0.10576923076923077 0.15865384615384615
2 0.6189903846153846 0.5396634615384616 0.07932692307692307 0.12980769230769232
2 0.5528846153846154 0.5456730769230769 0.0625 0.10336538461538461
2 0.4735576923076923 0.8473557692307693 0.09615384615384616 0.1201923076923077
2 0.3473557692307692 0.6887019230769231 0.10576923076923077 0.1346153846153846
2 0.16826923076923078 0.7067307692307693 0.11538461538461539 0.1466346153846154
2 0.27163461538461536 0.6033653846153846 0.1201923076923077 0.1466346153846154
2 0.19230769230769232 0.48197115384615385 0.11057692307692307 0.1466346153846154
2 0.16105769230769232 0.6033653846153846 0.11057692307692307 0.1346153846153846
2 0.9314903846153846 0.48197115384615385 0.125 0.17067307692307693
2 0.8557692307692307 0.4182692307692308 0.10096153846153846 0.1778846153846154
2 0.7608173076923077 0.3112980769230769 0.11057692307692307 0.1466346153846154
2 0.5685096153846154 0.1310096153846154 0.11538461538461539 0.13942307692307693
2 0.5841346153846154 0.051682692307692304 0.10576923076923077 0.09134615384615384
2 0.9290865384615384 0.18028846153846154 0.1201923076923077 0.16346153846153846
2 0.8762019230769231 0.11298076923076923 0.11057692307692307 0.16346153846153846
2 0.24759615384615385 0.39663461538461536 0.10576923076923077 0.1346153846153846
2 0.4338942307692308 0.5516826923076923 0.0889423076923077 0.12980769230769232
2 0.296875 0.8509615384615384 0.07932692307692307 0.09134615384615384
2 0.9158653846153846 0.9050480769230769 0.125 0.16346153846153846
2 0.9603365384615384 0.7259615384615384 0.07932692307692307 0.1201923076923077
2 0.9723557692307693 0.7944711538461539 0.052884615384615384 0.1346153846153846
2 0.6370192307692307 0.9170673076923077 0.10817307692307693 0.125
2 0.7487980769230769 0.9483173076923077 0.09134615384615384 0.09615384615384616