2 0.24759615384615385 0.6201923076923077 0.23317307692307693 0.24519230769230768
2 0.12259615384615384 0.7572115384615384 0.23317307692307693 0.23557692307692307
2 0.40384615384615385 0.3629807692307692 0.2620192307692308 0.25721153846153844
2 0.19831730769230768 0.27163461538461536 0.25 0.22355769230769232
2 0.28125 0.07091346153846154 0.2548076923076923 0.13221153846153846
2 0.8064903846153846 0.4879807692307692 0.21634615384615385 0.19951923076923078
2 0.5 0.6514423076923077 0.2403846153846154 0.2283653846153846
2 0.6754807692307693 0.9026442307692307 0.21394230769230768 0.1875
2 0.4483173076923077 0.8966346153846154 0.25 0.20673076923076922
2 0.7716346153846154 0.38822115384615385 0.18269230769230768 0.17307692307692307
2 0.8040865384615384 0.9447115384615384 0.15865384615384615 0.11057692307692307