2 0.33653846153846156 0.5288461538461539 0.19951923076923078 0.24519230769230768
2 0.16706730769230768 0.5408653846153846 0.19230769230769232 0.25
2 0.24639423076923078 0.43028846153846156 0.20673076923076922 0.23798076923076922
2 0.19831730769230768 0.16947115384615385 0.1971153846153846 0.22355769230769232
2 0.453125 0.14302884615384615 0.20432692307692307 0.16826923076923078
2 0.4338942307692308 0.06129807692307692 0.2403846153846154 0.11538461538461539
2 0.5817307692307693 0.20793269230769232 0.20432692307692307 0.24278846153846154
2 0.7704326923076923 0.14302884615384615 0.18269230769230768 0.2091346153846154
2 0.8786057692307693 0.4807692307692308 0.20192307692307693 0.25961538461538464
2 0.7019230769230769 0.6754807692307693 0.16346153846153846 0.19951923076923078
2 0.703125 0.5637019230769231 0.14423076923076922 0.1875
2 0.7620192307692307 0.8485576923076923 0.1875 0.21394230769230768
2 0.5877403846153846 0.5697115384615384 0.14903846153846154 0.17548076923076922
2 0.052884615384615384 0.13822115384615385 0.10336538461538461 0.23557692307692307
2 0.1935096153846154 0.04567307692307692 0.20673076923076922 0.08653846153846154
2 0.7379807692307693 0.4014423076923077 0.10817307692307693 0.11298076923076923
2 0.9447115384615384 0.8088942307692307 0.11057692307692307 0.16346153846153846
2 0.9146634615384616 0.2980769230769231 0.15865384615384615 0.1875