2 0.6586538461538461 0.8786057692307693 0.1875 0.20673076923076922
2 0.5745192307692307 0.7451923076923077 0.1875 0.21153846153846154
2 0.8149038461538461 0.6009615384615384 0.18269230769230768 0.20673076923076922
2 0.20072115384615385 0.7548076923076923 0.15384615384615385 0.19471153846153846
2 0.2920673076923077 0.6274038461538461 0.13942307692307693 0.1658653846153846
2 0.21754807692307693 0.4254807692307692 0.13942307692307693 0.1778846153846154
2 0.140625 0.3076923076923077 0.14423076923076922 0.14182692307692307
2 0.13822115384615385 0.4206730769230769 0.15865384615384615 0.21153846153846154
2 0.3173076923076923 0.23677884615384615 0.14903846153846154 0.21153846153846154
2 0.4483173076923077 0.27524038461538464 0.16346153846153846 0.18269230769230768
2 0.5985576923076923 0.25721153846153844 0.13942307692307693 0.15865384615384615
2 0.8088942307692307 0.26322115384615385 0.14423076923076922 0.17307692307692307
2 0.9182692307692307 0.31009615384615385 0.11538461538461539 0.14903846153846154
2 0.5865384615384616 0.5564903846153846 0.14423076923076922 0.1778846153846154
2 0.47716346153846156 0.6358173076923077 0.17307692307692307 0.1346153846153846
2 0.4230769230769231 0.5360576923076923 0.14423076923076922 0.125
2 0.640625 0.11538461538461539 0.18269230769230768 0.17307692307692307
2 0.08653846153846154 0.21875 0.15384615384615385 0.1778846153846154
2 0.9459134615384616 0.43149038461538464 0.10336538461538461 0.14903846153846154