2 0.11899038461538461 0.37259615384615385 0.15384615384615385 0.1875
2 0.31850961538461536 0.5925480769230769 0.16346153846153846 0.22115384615384615
2 0.47115384615384615 0.5288461538461539 0.1658653846153846 0.19951923076923078
2 0.5661057692307693 0.45552884615384615 0.14182692307692307 0.1971153846153846
2 0.8870192307692307 0.29447115384615385 0.11057692307692307 0.15384615384615385
2 0.7980769230769231 0.5925480769230769 0.07692307692307693 0.11057692307692307
2 0.44471153846153844 0.8257211538461539 0.10576923076923077 0.12980769230769232
2 0.5649038461538461 0.7848557692307693 0.08173076923076923 0.11057692307692307
2 0.6959134615384616 0.7836538461538461 0.07211538461538461 0.10576923076923077
2 0.2091346153846154 0.9615384615384616 0.0625 0.07211538461538461
2 0.9158653846153846 0.9639423076923077 0.052884615384615384 0.0673076923076923
2 0.17427884615384615 0.38100961538461536 0.11057692307692307 0.17307692307692307
2 0.5216346153846154 0.8870192307692307 0.11057692307692307 0.1346153846153846
2 0.6454326923076923 0.8485576923076923 0.07211538461538461 0.09615384615384616
2 0.6201923076923077 0.921875 0.08173076923076923 0.11538461538461539
2 0.453125 0.6454326923076923 0.09134615384615384 0.1201923076923077
2 0.5108173076923077 0.6213942307692307 0.0625 0.07692307692307693