2 0.8810096153846154 0.6274038461538461 0.15384615384615385 0.1875
2 0.6814903846153846 0.4074519230769231 0.16346153846153846 0.22115384615384615
2 0.5288461538461539 0.47115384615384615 0.1658653846153846 0.19951923076923078
2 0.4338942307692308 0.5444711538461539 0.14182692307692307 0.1971153846153846
2 0.11298076923076923 0.7055288461538461 0.11298076923076923 0.15384615384615385
2 0.20192307692307693 0.4074519230769231 0.07932692307692307 0.11298076923076923
2 0.5552884615384616 0.17427884615384615 0.10576923076923077 0.12980769230769232
2 0.43509615384615385 0.21514423076923078 0.08173076923076923 0.11057692307692307
2 0.30408653846153844 0.21634615384615385 0.07211538461538461 0.10576923076923077
2 0.7908653846153846 0.038461538461538464 0.0625 0.07451923076923077
2 0.08413461538461539 0.036057692307692304 0.052884615384615384 0.0673076923076923
2 0.8257211538461539 0.6189903846153846 0.11057692307692307 0.17307692307692307
2 0.47836538461538464 0.11298076923076923 0.11057692307692307 0.1346153846153846
2 0.3545673076923077 0.15144230769230768 0.07211538461538461 0.09615384615384616
2 0.3798076923076923 0.078125 0.08173076923076923 0.11538461538461539
2 0.546875 0.3545673076923077 0.09134615384615384 0.1201923076923077
2 0.4891826923076923 0.3786057692307692 0.0625 0.07692307692307693