2 0.78125 0.1622596153846154 0.1778846153846154 0.21634615384615385
2 0.7524038461538461 0.3088942307692308 0.15144230769230768 0.18509615384615385
2 0.828125 0.30528846153846156 0.1346153846153846 0.13221153846153846
2 0.7572115384615384 0.4855769230769231 0.15144230769230768 0.15625
2 0.43990384615384615 0.42788461538461536 0.13942307692307693 0.16346153846153846
2 0.43509615384615385 0.17668269230769232 0.16105769230769232 0.17307692307692307
2 0.5204326923076923 0.2692307692307692 0.1346153846153846 0.1201923076923077
2 0.10096153846153846 0.19110576923076922 0.15144230769230768 0.14423076923076922
2 0.375 0.3112980769230769 0.15625 0.15625
2 0.20793269230769232 0.4098557692307692 0.15625 0.14903846153846154
2 0.5180288461538461 0.6286057692307693 0.15144230769230768 0.16826923076923078
2 0.296875 0.7007211538461539 0.15625 0.16826923076923078
2 0.171875 0.8233173076923077 0.15625 0.17307692307692307
2 0.2860576923076923 0.8233173076923077 0.1346153846153846 0.13942307692307693
2 0.25721153846153844 0.5300480769230769 0.15144230769230768 0.16346153846153846
2 0.33653846153846156 0.44591346153846156 0.1201923076923077 0.14903846153846154
2 0.5336538461538461 0.7788461538461539 0.12980769230769232 0.13221153846153846
2 0.48677884615384615 0.9435096153846154 0.13942307692307693 0.10096153846153846
2 0.09375 0.9254807692307693 0.15625 0.13942307692307693
2 0.0673076923076923 0.7536057692307693 0.125 0.15625
2 0.08173076923076923 0.5600961538461539 0.13942307692307693 0.13942307692307693
2 0.5649038461538461 0.08533653846153846 0.16826923076923078 0.17067307692307693