2 0.3076923076923077 0.7680288461538461 0.23076923076923078 0.20192307692307693
2 0.47716346153846156 0.38461538461538464 0.21634615384615385 0.20192307692307693
2 0.4963942307692308 0.25721153846153844 0.19230769230769232 0.18269230769230768
2 0.8966346153846154 0.453125 0.19230769230769232 0.18269230769230768
2 0.9002403846153846 0.30408653846153844 0.18509615384615385 0.1875
2 0.5697115384615384 0.7283653846153846 0.18509615384615385 0.21153846153846154
2 0.8846153846153846 0.5649038461538461 0.15384615384615385 0.17307692307692307
2 0.6694711538461539 0.8473557692307693 0.16826923076923078 0.17307692307692307
2 0.1502403846153846 0.9170673076923077 0.10336538461538461 0.11057692307692307
2 0.3233173076923077 0.6225961538461539 0.21634615384615385 0.20432692307692307
2 0.056490384615384616 0.6911057692307693 0.11298076923076923 0.21394230769230768