2 0.11298076923076923 0.515625 0.15865384615384615 0.19230769230769232
2 0.14423076923076922 0.16105769230769232 0.15384615384615385 0.16826923076923078
2 0.47836538461538464 0.37740384615384615 0.15865384615384615 0.21153846153846154
2 0.6081730769230769 0.43509615384615385 0.14423076923076922 0.1875
2 0.45072115384615385 0.7319711538461539 0.14903846153846154 0.19951923076923078
2 0.24639423076923078 0.7223557692307693 0.10576923076923077 0.12980769230769232
2 0.2764423076923077 0.7800480769230769 0.1201923076923077 0.11538461538461539
2 0.40024038461538464 0.9579326923076923 0.11538461538461539 0.07211538461538461
2 0.8365384615384616 0.8737980769230769 0.15865384615384615 0.19951923076923078
2 0.6189903846153846 0.6514423076923077 0.13221153846153846 0.16826923076923078
2 0.6490384615384616 0.26802884615384615 0.12740384615384615 0.14903846153846154
2 0.8425480769230769 0.7644230769230769 0.14903846153846154 0.17307692307692307
2 0.9254807692307693 0.27403846153846156 0.13942307692307693 0.19951923076923078
2 0.7379807692307693 0.6225961538461539 0.12740384615384615 0.16105769230769232
2 0.47716346153846156 0.08173076923076923 0.13221153846153846 0.14182692307692307
2 0.3641826923076923 0.06490384615384616 0.125 0.11057692307692307