2 0.21875 0.8377403846153846 0.1778846153846154 0.21634615384615385
2 0.24759615384615385 0.6911057692307693 0.15144230769230768 0.18509615384615385
2 0.171875 0.6947115384615384 0.13701923076923078 0.13221153846153846
2 0.24278846153846154 0.5144230769230769 0.15144230769230768 0.15625
2 0.5600961538461539 0.5721153846153846 0.13942307692307693 0.16346153846153846
2 0.5649038461538461 0.8233173076923077 0.16105769230769232 0.17307692307692307
2 0.4795673076923077 0.7307692307692307 0.13701923076923078 0.1201923076923077
2 0.8990384615384616 0.8088942307692307 0.15144230769230768 0.14423076923076922
2 0.625 0.6887019230769231 0.15625 0.15625
2 0.7920673076923077 0.5901442307692307 0.15625 0.15144230769230768
2 0.48197115384615385 0.3713942307692308 0.15144230769230768 0.16826923076923078
2 0.703125 0.29927884615384615 0.15625 0.16826923076923078
2 0.828125 0.17668269230769232 0.15625 0.17307692307692307
2 0.7139423076923077 0.17668269230769232 0.1346153846153846 0.13942307692307693
2 0.7427884615384616 0.4699519230769231 0.15144230769230768 0.16346153846153846
2 0.6634615384615384 0.5540865384615384 0.1201923076923077 0.14903846153846154
2 0.46634615384615385 0.22115384615384615 0.12980769230769232 0.13221153846153846
2 0.5132211538461539 0.056490384615384616 0.13942307692307693 0.10096153846153846
2 0.90625 0.07451923076923077 0.15625 0.13942307692307693
2 0.9326923076923077 0.24639423076923078 0.125 0.15625
2 0.9182692307692307 0.43990384615384615 0.13942307692307693 0.13942307692307693
2 0.43509615384615385 0.9146634615384616 0.16826923076923078 0.17067307692307693